0,3,0,0,8,0,0,0,0,0,6,0,0,0,0,0,0,0,5,21,0,0,0,0,0,2
0,13,0,0,7,0,8,0,5,1,4,0,0,0,0,1,0,1,2,10,1,0,0,1,3,1
0,2,0,0,0,0,132,0,5,1,3,0,0,0,0,0,0,1,0,0,95,0,0,0,3,0
0,2,0,0,0,0,12,0,0,0,6,2,0,0,0,0,0,1,2,6,1,0,1,0,0,5
0,0,0,0,0,0,0,0,2,0,2,1,0,0,0,1,0,0,3,4,0,0,0,0,0,0
0,10,0,0,0,0,0,0,0,0,0,0,0,0,0,0,0,0,0,0,0,0,0,0,0,2
0,0,0,0,0,0,0,0,0,0,0,0,0,0,0,0,0,0,0,3,0,0,0,2,0,0
0,0,0,0,0,0,0,0,0,0,0,0,0,0,0,0,0,0,0,0,0,0,0,0,0,0
0,0,0,0,0,0,0,0,0,0,0,0,0,0,0,0,0,0,0,0,0,0,0,0,0,0
0,0,0,0,0,0,0,0,0,0,0,0,0,0,0,0,0,0,0,0,0,0,0,0,0,0
0,0,0,0,0,0,0,0,0,0,0,0,0,0,0,0,0,0,0,0,0,0,0,0,0,0
0,0,0,0,0,0,0,0,3,0,4,0,0,0,0,0,0,1,0,0,0,0,0,0,2,0
0,0,0,0,0,0,0,0,1,0,0,0,0,0,0,0,0,0,0,0,0,0,0,0,0,0
