0,4,0,0,0,0,4,0,1,0,1,0,0,0,0,13,0,2,0,0,0,5,2,0,0,0
0,5,0,2,18,0,3,0,3,0,5,1,2,3,0,1,0,2,0,3,0,4,3,0,9,3
0,2,0,1,2,0,67,0,0,0,11,1,0,0,0,0,0,4,0,0,0,0,2,0,74,139
0,0,0,0,0,0,6,0,2,0,1,0,1,1,0,0,0,1,0,0,0,0,0,0,4,0
0,0,0,0,0,0,0,0,2,0,7,0,1,0,0,0,0,1,0,0,0,0,0,0,5,0
0,4,0,60,0,0,3,0,0,0,391,0,112,11,0,0,0,3,0,10,0,11,0,0,15,4
0,0,0,0,0,0,3,0,0,0,0,0,6,0,0,0,0,0,0,0,0,0,0,0,0,0
0,1,0,0,0,0,0,0,0,0,0,0,0,0,0,0,0,0,0,0,0,0,0,0,0,0
0,0,0,0,0,0,0,0,0,0,0,0,0,0,0,0,0,0,0,0,0,0,0,0,0,0
0,0,0,0,0,0,0,0,0,0,0,0,0,0,0,0,0,0,0,0,0,0,0,0,0,0
0,0,0,0,0,0,0,0,0,0,0,0,0,0,0,0,0,0,0,0,0,0,0,0,0,0
0,0,0,0,0,0,0,0,2,0,0,3,0,0,0,0,0,0,0,0,0,0,1,0,6,0
0,0,0,0,0,0,0,0,1,0,0,0,0,0,0,0,0,0,0,0,0,0,0,0,0,0
