0,0,0,0,19,0,0,0,1,0,0,4,0,0,5,0,28,2,23,4,0,0,17,0,0,6
0,0,0,2,15,0,7,2,9,0,1,2,0,4,1,0,22,2,8,8,0,0,27,0,0,6
0,0,0,0,1,0,61,0,92,0,1,1,0,2,0,0,1,0,0,0,0,0,2,0,8,5
0,0,0,0,0,0,23,7,14,0,0,4,0,5,7,0,9,0,8,0,0,0,14,0,4,0
0,0,0,0,0,0,9,3,5,0,0,1,0,1,8,0,5,1,0,1,0,0,1,0,1,0
0,0,0,0,0,0,126,0,12,0,0,0,0,57,0,0,88,0,2,0,0,0,1,0,0,2
0,0,0,0,5,0,4,4,0,0,0,1,0,0,2,0,6,0,0,4,0,0,10,0,0,0
0,0,0,0,0,0,1,0,0,0,0,0,0,0,0,0,0,0,0,0,0,0,0,0,0,0
0,0,0,0,0,0,0,0,0,0,0,0,0,0,0,0,0,0,0,0,0,0,0,0,0,0
0,0,0,0,0,0,0,0,0,0,0,0,0,0,0,0,0,0,0,0,0,0,0,0,0,0
0,0,0,0,0,0,0,0,0,0,0,0,0,0,0,0,0,0,0,0,0,0,0,0,0,0
0,0,0,0,0,0,0,0,4,0,0,2,0,0,0,0,0,0,0,0,0,0,0,0,0,4
0,0,0,0,0,0,0,1,0,0,0,0,0,0,0,0,0,0,0,0,0,0,0,0,0,0
