1,0,0,0,8,0,0,0,0,2,0,5,0,0,0,0,2,8,5,3,3,0,0,5,0,9
4,0,0,0,9,0,4,9,5,11,0,4,0,3,1,0,0,0,18,1,2,0,1,10,4,5
0,0,0,0,0,0,1,83,0,48,0,3,0,0,0,0,0,0,0,0,287,1,0,6,14,14
0,0,3,0,4,3,3,4,3,7,0,6,4,4,6,0,0,11,4,5,9,6,2,15,1,1
0,0,3,0,0,0,0,1,5,5,0,3,0,5,4,0,0,9,0,4,4,3,3,6,0,1
0,0,0,0,2,0,10,0,0,9,0,0,0,0,3,0,0,0,2,9,0,0,103,0,0,5
0,0,0,0,0,0,0,0,0,0,0,0,1,3,0,0,0,0,0,0,0,0,0,2,0,0
0,0,0,0,0,0,0,0,0,0,0,0,0,0,0,0,0,0,0,0,0,0,0,0,0,0
0,0,0,0,0,0,0,0,0,0,0,0,0,0,0,0,0,0,0,0,0,0,0,0,0,0
0,0,0,0,0,0,0,0,0,0,0,0,0,0,0,0,0,0,0,0,0,0,0,0,0,0
0,0,0,0,0,0,0,0,0,0,0,0,0,0,0,0,0,0,0,0,0,0,0,0,0,0
0,0,0,0,0,0,0,0,0,0,0,7,0,0,0,0,0,0,0,0,0,0,0,11,4,0
0,0,0,0,0,0,0,0,2,0,0,0,0,0,0,0,0,0,0,0,0,0,0,0,0,0
