0,0,0,0,13,0,0,0,0,0,0,2,0,0,6,0,0,0,11,6,0,1,0,0,3,3
0,0,0,0,5,4,3,7,1,2,0,1,0,0,0,0,7,0,2,3,0,3,0,3,8,2
0,0,0,0,0,64,51,5,0,27,0,39,0,0,0,0,124,0,0,0,0,1,0,2,107,1
0,0,1,0,0,5,1,8,0,1,0,2,5,1,6,0,5,1,0,2,0,0,0,0,2,0
0,0,0,0,0,0,2,4,1,1,0,1,3,1,10,0,4,3,0,3,0,0,0,0,2,0
0,0,0,0,0,2,76,10,0,123,0,0,0,0,0,0,2,0,0,0,0,0,0,0,0,4
0,0,0,0,0,0,0,0,0,0,0,0,0,0,0,0,7,0,0,0,0,3,0,2,1,0
0,0,0,0,0,0,0,0,0,0,0,0,0,0,0,0,0,0,0,0,0,0,0,0,0,0
0,0,0,0,0,0,0,0,0,0,0,0,0,0,0,0,0,0,0,0,0,0,0,0,0,0
0,0,0,0,0,0,0,0,0,0,0,0,0,0,0,0,0,0,0,0,0,0,0,0,0,0
0,0,0,0,0,0,0,0,0,0,0,0,0,0,0,0,0,0,0,0,0,0,0,0,0,0
0,0,0,0,0,0,0,1,0,3,0,0,0,0,0,0,0,0,0,0,0,0,0,12,0,1
0,0,0,0,0,0,0,0,0,0,0,0,0,0,0,0,0,0,0,0,0,0,0,0,0,0
