0,20,1,7,0,0,0,0,0,1,0,0,0,0,0,26,0,0,0,0,0,0,10,0,0,0
3,12,10,2,0,0,0,0,4,7,11,0,0,0,5,4,0,0,0,0,0,0,7,1,3,2
0,13,66,11,0,0,0,0,0,2,103,0,0,0,0,0,0,0,0,0,0,0,1,40,14,13
2,9,10,7,0,0,0,0,1,3,10,1,0,1,0,6,0,0,0,0,0,0,2,1,1,1
1,2,2,2,0,0,0,0,1,2,3,1,0,1,0,3,0,0,0,0,0,0,0,0,1,0
2,24,2,0,0,0,0,0,3,126,0,0,0,0,0,0,0,0,0,0,0,0,12,0,74,0
1,0,0,0,0,0,0,0,0,0,0,0,0,0,0,0,0,0,0,0,0,0,0,0,0,0
0,0,1,0,0,0,0,0,0,0,0,0,0,0,0,0,0,0,0,0,0,0,0,0,0,0
0,0,0,0,0,0,0,0,0,0,0,0,0,0,0,0,0,0,0,0,0,0,0,0,0,0
0,0,0,0,0,0,0,0,0,0,0,0,0,0,0,0,0,0,0,0,0,0,0,0,0,0
0,0,0,0,0,0,0,0,0,0,0,0,0,0,0,0,0,0,0,0,0,0,0,0,0,0
0,0,0,0,0,0,0,0,0,0,4,0,0,0,0,0,0,0,0,0,0,0,0,0,1,0
0,0,0,0,0,0,0,0,1,1,0,1,0,0,0,0,0,0,0,0,0,0,0,0,0,0
