0,10,5,0,0,0,1,0,7,0,0,0,0,1,0,8,3,0,0,6,2,0,2,0,0,0
2,17,0,0,0,0,5,1,14,1,4,0,2,4,0,2,2,0,0,12,14,2,2,3,8,3
1,2,0,0,0,0,2,0,166,2,4,0,0,0,0,0,0,0,0,0,2,0,0,2,4,91
0,4,2,0,0,0,0,0,1,0,0,0,0,5,0,1,0,0,0,5,3,0,2,0,1,0
0,0,1,0,0,0,0,0,5,0,0,0,0,1,0,1,0,0,0,1,0,0,1,0,0,0
4,1,0,0,0,0,3,0,0,0,0,0,14,2,0,0,0,0,0,3,2,1,6,0,0,0
0,2,0,0,0,0,0,3,2,0,0,0,0,3,0,0,0,0,0,4,3,0,0,1,3,0
0,2,0,0,0,0,0,0,0,0,0,0,0,0,0,0,0,0,0,1,0,1,0,0,0,0
0,0,0,0,0,0,0,0,0,0,0,0,0,0,0,0,0,0,0,0,0,0,0,0,0,0
0,0,0,0,0,0,0,0,0,0,0,0,0,0,0,0,0,0,0,0,0,0,0,0,0,0
0,0,0,0,0,0,0,0,0,0,0,0,0,0,0,0,0,0,0,0,0,0,0,0,0,0
0,0,0,0,0,0,3,0,0,0,3,0,0,0,0,0,0,0,0,0,0,0,0,0,1,1
0,0,0,0,0,0,1,0,1,0,0,0,0,0,0,0,0,0,0,0,0,0,0,0,0,0
