0,11,0,0,0,0,0,0,0,0,0,0,0,0,0,10,0,0,0,0,0,0,2,0,0,1
0,9,3,0,2,6,1,1,6,2,9,4,0,1,1,4,0,0,0,0,0,2,1,0,1,0
0,0,4,0,8,67,22,13,0,1,85,0,0,0,0,0,0,0,0,0,0,0,0,2,1,0
0,12,1,0,2,5,2,7,4,0,5,2,0,2,0,3,0,0,0,0,0,0,0,1,0,4
0,2,0,0,3,0,0,5,3,0,1,2,0,1,0,0,0,0,0,0,0,0,0,2,0,1
0,0,0,0,0,0,0,0,0,11,0,0,0,0,0,0,0,0,0,0,0,0,4,8,0,0
0,0,0,0,0,0,0,0,2,0,0,1,0,0,3,0,0,0,0,0,0,0,0,0,0,0
0,0,0,0,0,0,0,0,0,0,0,1,0,0,0,0,0,0,0,0,0,0,0,0,0,0
0,0,0,0,0,0,0,0,0,0,0,0,0,0,0,0,0,0,0,0,0,0,0,0,0,0
0,0,0,0,0,0,0,0,0,0,0,0,0,0,0,0,0,0,0,0,0,0,0,0,0,0
0,0,0,0,0,0,0,0,0,0,0,0,0,0,0,0,0,0,0,0,0,0,0,0,0,0
0,0,0,0,1,0,0,0,0,0,1,0,0,0,0,0,0,0,0,0,0,0,0,0,2,0
0,0,0,0,0,0,0,0,2,0,0,1,0,0,0,0,0,0,0,0,0,0,0,0,0,0
