0,21,0,1,0,0,0,0,0,0,0,0,0,0,0,13,0,0,0,0,0,0,14,0,0,4
0,5,0,3,0,0,1,0,2,0,8,7,1,0,6,4,0,0,0,0,0,3,9,0,4,12
0,0,0,0,0,0,2,0,4,0,172,334,0,0,0,0,0,0,0,0,0,56,25,0,48,64
0,8,0,1,0,0,0,0,1,0,0,0,0,0,0,7,0,0,0,0,0,1,8,0,0,4
0,4,0,0,0,0,0,0,1,0,0,0,1,0,0,5,0,0,0,0,0,0,2,0,0,3
0,0,0,3,0,0,0,0,0,0,0,0,0,0,0,5,0,0,0,0,0,2,5,0,3,0
0,0,0,4,0,0,0,0,0,0,0,0,0,0,0,0,0,0,0,0,0,0,0,0,0,0
0,0,0,0,0,0,0,0,0,0,0,0,0,0,0,0,0,0,0,0,0,0,0,0,0,0
0,0,0,0,0,0,0,0,0,0,0,0,0,0,0,0,0,0,0,0,0,0,0,0,0,0
0,0,0,0,0,0,0,0,0,0,0,0,0,0,0,0,0,0,0,0,0,0,0,0,0,0
0,0,0,0,0,0,0,0,0,0,0,0,0,0,0,0,0,0,0,0,0,0,0,0,0,0
0,0,0,0,0,0,0,0,3,0,5,0,0,0,0,0,0,0,0,0,0,0,0,0,0,2
0,0,0,0,0,0,0,0,0,0,0,0,0,0,0,0,0,0,0,0,0,0,0,0,0,0
