9,23,1,4,8,0,4,4,0,2,7,3,13,0,8,12,8,6,6,0,9,7,47,7,18,4
26,15,6,0,5,0,28,6,1,15,3,3,5,0,1,1,9,15,0,0,22,1,3,1,4,0
19,0,6,0,0,0,103,4,3,44,0,0,2,0,0,0,0,22,0,0,352,0,0,5,14,0
14,31,0,4,10,0,34,15,2,23,5,4,5,0,2,5,14,16,4,0,13,2,12,13,13,2
3,6,3,2,10,0,6,16,3,6,1,2,4,0,2,3,3,1,4,0,3,1,15,13,5,2
1,7,0,0,0,0,349,8,2,324,0,18,0,0,0,4,178,353,0,0,69,1,10,233,0,16
3,2,0,0,0,0,10,0,0,0,0,0,16,0,0,0,0,0,3,0,10,0,0,0,0,0
1,0,0,0,0,0,0,0,0,0,0,2,1,0,0,0,0,0,0,0,0,0,0,1,0,1
0,0,0,0,0,0,0,0,0,0,0,0,0,0,0,0,0,0,0,0,0,0,0,0,0,0
0,0,0,0,0,0,0,0,0,0,0,0,0,0,0,0,0,0,0,0,0,0,0,0,0,0
0,0,0,0,0,0,0,0,0,0,0,0,0,0,0,0,1,0,2,0,0,0,0,0,0,0
0,0,4,0,0,0,0,3,1,13,0,0,0,0,0,0,0,0,0,0,0,0,0,20,2,0
0,0,0,0,5,0,4,5,0,0,0,1,0,0,0,0,0,0,0,0,0,0,0,0,0,0
