6,9,0,0,0,0,0,1,6,2,0,0,0,22,0,6,0,0,0,0,0,0,2,0,0,1
6,4,0,1,0,0,0,3,10,4,1,0,0,18,1,2,2,2,0,0,0,1,1,0,4,1
0,0,1,0,0,0,0,1,89,4,1,0,0,0,0,0,0,0,0,0,0,0,0,0,1,0
0,2,2,2,0,0,0,1,5,17,0,2,1,10,1,1,3,0,0,0,0,0,0,0,2,0
0,0,4,3,0,0,0,1,4,7,0,6,0,5,0,0,0,0,0,0,0,0,0,0,0,1
2,2,208,2,0,0,0,0,0,244,0,0,0,0,3,0,89,51,0,0,0,0,4,0,18,0
0,0,0,0,0,0,0,0,0,0,0,0,1,3,2,0,0,0,0,0,0,3,0,0,0,0
0,1,0,0,0,0,0,0,1,1,0,0,0,0,0,0,0,0,0,0,0,0,0,0,0,0
0,0,0,0,0,0,0,0,0,0,0,0,0,0,0,0,0,0,0,0,0,0,0,0,0,0
0,0,0,0,0,0,0,0,0,0,0,0,0,0,0,0,0,0,0,0,0,0,0,0,0,0
0,0,0,0,0,0,0,0,0,0,0,0,0,0,0,0,0,0,0,0,0,0,0,0,0,0
0,0,0,0,0,0,0,0,0,0,3,0,0,0,0,0,0,0,0,0,0,0,0,0,0,0
0,0,0,0,0,0,0,0,0,0,0,0,0,2,0,0,0,0,0,0,0,0,0,0,0,0
