8,6,0,0,0,0,0,0,0,0,0,0,0,0,0,8,0,0,6,0,0,0,4,0,0,0
11,2,0,1,4,2,6,0,0,0,2,0,0,0,1,1,0,0,2,0,1,0,4,1,1,2
0,1,0,3,9,5,929,0,0,0,3,0,0,0,0,0,0,0,0,1,4,0,0,9,122,94
8,5,2,2,11,3,16,1,0,0,7,0,2,0,1,0,0,0,0,10,3,0,0,3,8,2
6,2,0,0,7,0,0,1,0,0,4,0,2,0,0,0,0,0,1,1,3,0,0,0,1,0
2,0,0,0,1,9,0,0,0,0,208,47,30,0,3,0,0,0,0,0,158,0,9,0,0,0
3,0,0,0,0,0,0,0,0,0,0,0,0,0,0,0,0,0,0,0,0,0,0,0,0,0
0,0,0,0,0,0,0,0,0,0,0,0,0,0,0,0,0,0,0,0,0,0,0,0,0,0
0,0,0,0,0,0,0,0,0,0,0,0,0,0,0,0,0,0,0,0,0,0,0,0,0,0
0,0,0,0,0,0,0,0,0,0,0,0,0,0,0,0,0,0,0,0,0,0,0,0,0,0
0,0,0,0,0,0,0,0,0,0,0,0,0,0,0,0,0,0,0,0,0,0,0,0,0,0
0,0,0,0,0,0,7,0,0,0,2,0,0,0,0,0,0,0,0,0,0,0,0,0,2,0
0,0,0,0,1,0,1,0,0,0,0,0,0,0,0,0,0,0,0,0,0,0,0,0,0,0
