0,11,0,0,0,0,0,0,17,0,0,0,0,0,0,14,0,0,4,0,6,0,6,0,0,0
0,7,0,8,0,0,0,6,8,4,2,1,0,0,2,18,8,0,1,0,10,10,6,13,2,11
0,0,0,1,0,0,0,62,15,73,2,2,0,0,0,0,0,0,0,0,0,0,0,1,1,69
0,1,0,7,0,0,0,0,3,3,3,0,0,0,0,8,0,0,0,0,5,1,0,0,0,0
0,3,0,4,0,0,0,0,2,0,0,0,0,0,2,0,0,0,0,0,0,0,0,0,0,0
0,2,0,2,0,0,0,0,8,0,0,0,0,0,0,0,0,0,0,0,0,0,6,0,0,0
0,0,0,4,0,0,0,0,0,0,0,0,1,0,0,0,0,0,0,0,0,0,0,0,0,0
0,0,0,4,0,0,0,0,0,0,0,0,0,0,0,0,0,0,0,0,0,0,0,0,0,0
0,0,0,0,0,0,0,0,0,0,0,0,0,0,0,0,0,0,0,0,0,0,0,0,0,0
0,0,0,0,0,0,0,0,0,0,0,0,0,0,0,0,0,0,0,0,0,0,0,0,0,0
0,0,0,0,0,0,0,0,0,0,0,0,0,0,0,0,0,0,0,0,0,0,0,0,0,0
0,0,0,0,0,0,0,0,2,0,2,0,0,0,0,0,0,0,0,0,0,0,0,0,1,0
0,0,0,0,0,0,0,0,1,0,0,0,0,0,0,0,0,0,0,0,0,0,0,0,0,0
