0,0,10,0,0,0,0,0,0,2,6,0,0,0,0,0,6,12,1,0,0,0,0,0,0,1
0,0,3,3,0,0,0,0,2,7,18,24,0,0,3,0,3,4,3,0,0,0,0,0,5,7
0,0,0,0,0,0,0,0,0,3,81,6,0,0,1,0,0,1,0,0,0,0,0,0,14,67
0,0,3,5,0,0,0,0,0,3,3,4,0,0,0,0,0,1,0,0,0,2,0,0,0,2
0,0,2,0,0,0,0,0,1,0,1,2,0,0,0,0,0,0,0,0,0,0,0,0,0,1
0,0,2,0,0,0,0,0,0,6,2,0,0,0,8,0,8,6,15,0,0,0,0,0,0,6
0,0,5,0,0,0,0,0,0,6,2,3,0,0,0,0,1,0,0,0,0,0,0,0,0,0
0,0,0,0,0,0,0,0,1,0,0,0,0,0,0,0,1,2,0,0,0,0,1,1,1,0
0,0,0,0,0,0,0,0,0,0,0,0,0,0,0,0,0,0,0,0,0,0,0,0,0,0
0,0,0,0,0,0,0,0,0,0,0,0,0,0,0,0,0,0,0,0,0,0,0,0,0,0
0,0,0,0,0,0,0,0,0,0,0,0,0,0,0,0,0,0,0,0,0,0,0,0,0,0
0,0,0,0,0,0,0,0,0,0,1,5,0,0,0,0,0,0,0,0,0,0,0,0,0,1
0,0,0,0,0,0,0,0,1,0,0,3,0,0,0,0,0,0,0,0,0,0,0,0,0,0
