7,0,6,0,0,0,0,0,0,3,0,0,0,0,0,0,12,14,0,0,0,0,0,0,6,0
7,0,4,2,0,0,0,0,1,12,6,6,0,0,2,7,14,4,0,0,0,0,0,3,15,1
0,0,0,1,0,0,0,0,0,0,0,33,0,0,0,0,0,0,0,0,0,0,0,3,12,9
1,0,0,0,0,0,0,0,2,0,0,5,0,0,0,0,0,0,0,0,0,0,0,1,8,1
0,0,0,0,0,0,0,0,1,1,0,4,0,0,0,0,0,0,0,0,0,0,0,0,5,1
0,0,0,273,0,0,0,0,0,4,0,0,0,0,0,0,0,12,0,0,0,0,0,0,0,0
0,0,0,0,0,0,0,0,2,1,0,0,0,0,0,0,0,0,0,0,0,0,0,0,0,0
0,0,0,0,0,0,0,0,0,0,0,0,0,0,0,0,0,0,0,0,0,0,0,1,0,0
0,0,0,0,0,0,0,0,0,0,0,0,0,0,0,0,0,0,0,0,0,0,0,0,0,0
0,0,0,0,0,0,0,0,0,0,0,0,0,0,0,0,0,0,0,0,0,0,0,0,0,0
0,0,0,0,0,0,0,0,0,0,0,0,0,0,0,0,0,0,0,0,0,0,0,0,0,0
0,0,0,0,0,0,0,0,0,0,0,3,0,0,0,0,0,0,0,0,0,0,0,6,0,1
0,0,0,0,0,0,0,0,0,0,0,0,0,0,0,0,0,0,0,0,0,0,0,0,0,0
