0,0,0,0,10,0,0,0,0,1,0,5,0,0,0,1,0,0,8,0,7,0,0,0,0,8
0,0,3,0,9,0,0,18,12,19,44,17,0,19,6,1,0,8,6,0,5,10,0,0,4,11
0,0,0,0,0,0,0,7,2,23,302,56,0,0,0,0,0,0,0,0,0,1,0,0,11,0
0,0,0,0,0,0,0,1,0,10,4,2,0,0,0,0,0,0,1,0,1,0,0,0,3,0
0,0,0,0,0,0,0,1,3,1,0,0,0,2,0,0,0,0,0,0,0,0,0,0,0,0
0,0,4,0,0,0,0,5,0,1,0,1,0,0,0,0,0,0,0,0,0,0,0,0,1,144
0,0,0,0,0,0,0,0,0,2,0,0,0,0,0,0,0,0,0,0,0,0,0,0,0,0
0,0,0,0,0,0,0,0,0,0,0,0,0,0,0,0,0,0,0,0,0,0,0,0,0,0
0,0,0,0,0,0,0,0,0,0,0,0,0,0,0,0,0,0,0,0,0,0,0,0,0,0
0,0,0,0,0,0,0,0,0,0,0,0,0,0,0,0,0,0,0,0,0,0,0,0,0,0
0,0,0,0,0,0,0,0,0,0,0,0,0,0,0,0,0,0,2,0,0,0,0,0,1,0
0,0,0,0,0,0,0,0,1,5,3,0,0,0,0,0,0,0,0,0,0,0,0,0,1,0
0,0,0,0,0,0,0,0,2,0,0,0,0,0,0,0,0,0,0,0,0,0,0,0,0,0
