6,20,4,0,8,5,0,3,0,2,1,0,0,0,4,28,8,2,0,0,0,3,8,0,7,8
0,14,0,1,1,19,0,1,8,2,0,0,0,2,3,9,1,0,0,6,2,1,3,2,4,0
1,0,1,0,0,121,0,16,4,5,0,0,0,0,3,3,0,3,0,1,0,0,0,5,11,0
0,2,0,0,1,14,0,1,4,1,0,0,1,0,0,0,0,0,0,2,0,0,0,0,1,0
0,2,0,0,3,7,0,5,2,1,0,0,1,2,0,0,0,0,0,3,0,0,0,0,0,0
0,6,0,3,0,24,0,0,4,3,0,0,0,0,2,8,4,0,0,124,7,1,8,0,0,0
0,0,0,0,0,0,0,4,1,0,0,0,1,0,2,0,0,0,0,0,0,0,0,0,0,0
1,3,0,0,0,0,0,1,0,0,0,0,0,0,0,0,0,0,0,0,0,0,0,0,0,0
0,0,0,0,0,0,0,0,0,0,0,0,0,0,0,0,0,0,0,0,0,0,0,0,0,0
0,0,0,0,0,0,0,0,0,0,0,0,0,0,0,0,0,0,0,0,0,0,0,0,0,0
0,0,3,0,0,0,0,0,0,0,0,0,0,0,0,0,2,0,0,0,0,0,0,0,0,0
0,0,0,0,0,4,0,1,2,3,0,0,0,0,0,0,0,0,0,0,0,0,0,1,3,0
0,0,0,0,1,0,0,1,0,0,0,0,0,0,0,0,0,0,0,0,0,0,0,0,0,0
