0,22,0,0,0,0,0,0,3,7,0,0,0,0,1,12,0,0,0,0,0,0,9,0,0,1
0,8,2,0,0,0,0,9,11,12,0,0,0,0,6,0,0,0,0,0,3,8,1,0,0,0
1,0,0,0,0,0,0,46,35,18,3,0,0,0,0,0,1,0,0,0,34,61,0,0,4,0
6,16,0,0,0,0,0,16,11,27,3,2,0,2,9,7,3,0,0,0,2,0,3,1,3,1
5,3,0,0,0,0,0,6,5,9,2,0,0,1,8,2,1,0,0,0,1,0,2,0,4,1
0,2,8,0,0,0,0,0,11,6,0,0,0,5,11,0,0,0,0,0,0,0,7,0,3,0
0,0,0,0,0,0,0,4,1,0,0,0,0,0,0,0,0,0,0,0,0,0,0,0,0,0
0,0,0,0,0,0,0,0,0,0,0,0,0,0,0,0,0,0,0,0,0,0,0,0,0,0
0,0,0,0,0,0,0,0,0,0,0,0,0,0,0,0,0,0,0,0,0,0,0,0,0,0
0,0,0,0,0,0,0,0,0,0,0,0,0,0,0,0,0,0,0,0,0,0,0,0,0,0
0,0,0,0,0,0,0,0,0,0,0,0,0,0,0,0,0,0,0,0,0,0,0,0,0,0
0,0,0,0,0,0,0,1,0,1,20,0,0,0,0,0,0,0,0,0,0,0,0,0,5,0
0,0,0,0,0,0,0,3,0,0,0,0,0,0,0,0,0,0,0,0,0,0,0,0,0,0
