0,4,0,0,0,0,0,12,7,0,0,1,0,0,0,2,0,4,1,0,0,0,10,0,0,2
0,6,0,0,0,0,7,11,6,1,10,13,0,0,0,8,1,4,3,0,0,0,6,0,0,7
0,0,0,0,0,0,9,1,2,0,65,24,0,0,0,0,0,0,0,0,0,0,0,0,0,14
0,0,0,8,0,0,7,6,0,0,0,2,0,0,1,1,1,3,9,0,0,0,1,0,0,0
0,0,0,7,0,0,2,3,1,1,0,2,0,0,0,3,1,0,7,0,0,0,0,0,0,0
0,0,0,0,0,0,9,0,0,0,6,3,0,0,0,0,0,0,0,0,0,0,6,0,0,2
0,0,0,0,0,0,0,0,0,0,0,0,0,0,0,6,0,7,2,0,0,0,0,0,0,0
0,0,0,0,0,0,0,0,0,0,0,0,0,0,0,0,0,0,1,0,0,0,0,0,0,0
0,0,0,0,0,0,0,0,0,0,0,0,0,0,0,0,0,0,0,0,0,0,0,0,0,0
0,0,0,0,0,0,0,0,0,0,0,0,0,0,0,0,0,0,0,0,0,0,0,0,0,0
0,0,0,0,0,0,0,0,0,0,0,0,0,0,0,0,0,0,0,0,0,0,0,0,0,0
0,0,0,0,0,0,0,0,0,0,0,2,0,0,0,0,0,0,0,0,0,0,0,0,0,0
0,0,0,0,0,0,0,1,0,0,0,0,0,0,0,0,0,0,0,0,0,0,0,0,0,0
