3,10,0,10,1,0,0,0,0,0,0,0,0,0,0,16,0,0,0,0,0,0,2,0,0,0
3,8,8,3,1,0,3,2,5,0,5,3,0,8,0,11,4,1,0,0,20,3,1,5,7,0
0,1,6,0,0,0,23,3,0,0,21,0,0,0,0,0,0,0,0,0,223,45,0,0,1,0
0,0,3,0,1,0,2,0,0,0,0,0,0,0,0,0,0,0,0,2,0,1,0,0,0,5
0,0,7,0,0,0,0,0,1,0,1,0,0,0,0,0,0,0,0,0,0,0,0,0,0,0
0,1,4,0,0,0,173,0,0,0,0,0,0,194,0,0,2,4,0,0,95,10,4,0,0,0
0,0,0,0,0,0,3,0,0,0,0,0,1,3,0,0,0,0,0,0,0,0,0,0,0,0
1,0,0,0,0,0,0,0,0,0,0,1,0,0,0,0,0,0,0,0,2,0,0,1,0,0
0,0,0,0,0,0,0,0,0,0,0,0,0,0,0,0,0,0,0,0,0,0,0,0,0,0
0,0,0,0,0,0,0,0,0,0,0,0,0,0,0,0,0,0,0,0,0,0,0,0,0,0
0,0,0,0,0,0,0,0,0,0,0,0,0,0,0,0,0,0,0,0,0,0,0,0,0,0
0,0,0,0,0,0,0,0,0,0,2,0,0,0,0,0,0,0,0,0,0,0,0,0,1,0
0,0,0,0,0,0,0,1,0,0,0,0,0,0,0,0,0,0,0,0,0,0,0,0,0,0
