3,13,0,3,0,0,0,4,10,10,3,0,0,0,0,6,10,1,1,0,0,2,7,0,0,1
0,7,0,3,0,0,0,4,3,3,1,8,0,0,2,1,3,0,1,0,0,4,11,0,1,6
0,0,0,0,0,0,0,3,2,1,3,81,0,0,0,0,0,0,0,0,0,0,12,0,1,14
0,6,0,4,0,0,0,4,8,9,14,1,0,0,1,1,5,0,3,0,0,0,3,0,0,7
0,2,0,5,0,0,0,3,15,6,10,1,0,0,1,2,2,0,1,0,0,2,2,0,0,3
0,2,0,3,0,0,0,7,3,2,3,0,0,0,0,0,2,1,3,0,0,2,7,0,0,0
0,1,0,0,0,0,0,3,2,0,0,0,0,0,0,0,3,0,0,0,0,0,8,0,0,1
0,0,0,0,0,0,0,0,0,0,0,0,0,0,0,0,0,0,0,0,0,0,0,0,0,0
0,0,0,0,0,0,0,0,0,0,0,0,0,0,0,0,0,0,0,0,0,0,0,0,0,0
0,0,0,0,0,0,0,0,0,0,0,0,0,0,0,0,0,0,0,0,0,0,0,0,0,0
0,0,0,0,0,0,0,0,0,0,0,0,0,0,0,0,0,0,0,0,0,0,0,0,0,0
0,0,0,0,0,0,0,3,1,0,6,0,0,0,0,0,0,0,0,0,0,0,0,0,9,0
0,0,0,0,0,0,0,0,0,0,0,0,0,0,1,0,0,0,0,0,0,0,0,0,0,0
