6,4,12,0,0,0,0,2,0,14,2,1,0,0,1,0,10,6,0,0,0,4,0,0,0,0
16,2,0,0,0,0,0,4,0,5,3,0,0,0,0,1,0,8,0,0,0,1,0,2,3,0
0,0,0,0,0,0,0,6,2,0,16,10,0,0,0,69,0,19,2,0,0,7,0,4,19,0
0,5,4,0,0,0,0,14,5,11,7,8,0,0,1,4,8,12,6,0,0,6,1,4,11,0
0,5,1,0,0,0,0,13,8,16,5,7,0,0,2,4,5,1,6,0,0,10,2,1,7,0
0,11,0,0,0,0,0,110,0,5,96,17,0,0,0,76,0,6,7,0,0,1,0,51,0,0
0,0,0,0,0,0,0,0,0,0,0,0,1,0,0,0,0,0,0,0,0,0,0,0,0,0
1,0,0,0,0,0,0,0,0,0,0,0,0,0,0,0,0,0,0,0,0,0,0,0,0,0
0,0,0,0,0,0,0,0,0,0,0,0,0,0,0,0,0,0,0,0,0,0,0,0,0,0
0,0,0,0,0,0,0,0,0,0,0,0,0,0,0,0,0,0,0,0,0,0,0,0,0,0
1,0,0,0,0,0,0,0,0,0,0,0,0,0,0,0,0,0,0,0,0,0,0,0,0,0
0,0,0,0,0,0,0,0,0,0,0,4,0,0,0,0,0,0,0,0,0,0,0,0,2,0
0,0,0,0,0,0,0,0,0,0,0,0,0,0,0,0,0,0,0,0,0,0,0,0,0,0
