0,0,10,0,0,0,0,0,2,5,0,0,2,0,0,0,16,0,0,0,0,0,6,6,0,1
1,9,1,0,0,0,0,3,5,10,5,1,1,0,0,0,7,0,0,0,0,0,3,2,5,3
0,7,0,0,0,0,0,24,0,3,4,1,0,0,0,0,0,0,2,0,0,0,0,0,8,18
5,4,6,3,0,0,0,0,14,1,7,1,4,0,0,0,4,0,3,0,0,0,0,4,2,3
0,0,6,2,0,0,0,0,6,1,4,1,9,0,0,0,0,0,3,0,0,0,0,6,1,4
0,4,0,0,0,0,0,0,0,9,154,40,3,0,0,0,3,0,0,0,0,0,6,2,187,0
0,9,5,0,0,0,0,0,0,0,0,0,0,0,0,0,0,0,0,0,0,0,0,0,0,0
0,1,0,0,0,0,0,0,0,0,0,0,0,0,0,0,0,0,0,0,0,0,0,0,0,0
0,0,0,0,0,0,0,0,0,0,0,0,0,0,0,0,0,0,0,0,0,0,0,0,0,0
0,0,0,0,0,0,0,0,0,0,0,0,0,0,0,0,0,0,0,0,0,0,0,0,0,0
0,0,0,0,0,0,0,0,0,0,0,0,0,0,0,0,0,0,0,0,0,0,0,0,0,0
0,0,0,0,0,0,0,0,0,0,2,1,0,0,0,0,0,0,0,0,0,0,0,0,1,2
0,0,0,0,0,0,0,0,1,0,0,0,1,0,0,0,0,0,0,0,0,0,0,0,0,0
