0,3,0,0,0,0,0,0,0,2,0,0,0,0,5,8,4,4,0,0,0,0,8,0,0,1
0,10,4,0,0,0,0,2,6,0,2,0,0,2,7,1,0,0,0,0,0,0,2,0,0,0
0,5,4,0,0,0,0,25,1,2,2,0,0,1,0,0,0,0,0,0,0,0,1,0,0,4
0,5,2,0,0,0,0,3,1,1,0,0,0,0,6,5,0,1,0,0,0,0,9,0,0,3
0,12,5,0,0,0,0,3,3,1,0,0,0,1,0,4,0,3,0,0,0,0,4,0,0,3
0,9,7,0,0,0,0,0,0,0,0,0,0,0,0,0,0,19,0,0,0,0,2,0,0,0
0,0,0,0,0,0,0,0,0,0,0,0,0,0,0,0,0,0,0,0,0,0,0,0,0,0
0,1,0,0,0,0,0,0,0,0,0,0,0,0,0,0,0,0,0,0,0,0,0,0,0,0
0,0,0,0,0,0,0,0,0,0,0,0,0,0,0,0,0,0,0,0,0,0,0,0,0,0
0,0,0,0,0,0,0,0,0,0,0,0,0,0,0,0,0,0,0,0,0,0,0,0,0,0
0,0,0,0,0,0,0,0,0,0,0,0,0,0,0,0,2,0,0,0,0,0,0,0,0,0
0,0,0,0,0,0,0,0,0,4,2,0,0,0,0,0,0,0,0,0,0,0,0,0,0,2
0,0,0,0,0,0,0,0,0,0,0,0,0,0,0,0,0,0,0,0,0,0,0,0,0,0
