0,17,1,0,0,3,0,0,1,2,0,0,0,0,0,11,0,0,0,0,0,0,9,0,0,0
0,5,2,0,1,1,3,10,6,9,0,5,0,1,2,12,0,8,0,1,1,2,5,2,2,1
0,0,2,0,0,0,3,53,8,11,5,67,0,0,2,0,0,23,0,15,10,8,0,9,8,1
0,9,1,0,1,6,2,10,4,2,4,3,1,0,1,5,2,5,0,0,0,3,5,12,4,2
0,6,0,0,0,2,0,3,4,1,8,1,6,1,1,0,2,1,0,0,0,4,2,9,7,2
0,0,1,0,1,6,0,0,0,0,0,0,0,0,0,3,0,0,0,0,0,0,8,109,0,0
0,0,0,0,0,0,0,0,0,0,0,0,0,0,0,0,0,0,0,0,0,0,0,0,0,0
0,0,0,0,0,0,0,0,0,0,0,0,0,0,0,0,0,0,0,0,0,0,0,0,0,0
0,0,0,0,0,0,0,0,0,0,0,0,0,0,0,0,0,0,0,0,0,0,0,0,0,0
0,0,0,0,0,0,0,0,0,0,0,0,0,0,0,0,0,0,0,0,0,0,0,0,0,0
0,0,0,0,0,0,0,0,0,0,0,0,0,0,0,0,0,0,0,0,0,0,0,0,0,0
0,0,0,0,0,0,0,2,2,3,5,0,0,0,0,0,0,0,0,0,0,0,0,0,2,0
0,0,0,0,0,0,0,0,1,0,0,0,0,0,0,0,0,0,0,0,0,0,0,0,0,0
