4,10,1,0,2,0,0,0,0,4,0,0,0,0,6,4,2,0,4,0,0,2,9,0,0,0
9,5,0,2,1,0,2,11,2,13,15,6,3,0,1,1,0,0,0,0,0,0,6,0,1,0
0,0,0,1,0,0,0,17,0,50,69,0,0,0,0,0,0,0,0,0,0,0,1,0,1,0
2,3,0,5,0,0,0,3,0,3,0,0,1,0,3,0,2,0,1,0,0,2,0,0,4,2
2,3,0,5,0,0,0,3,1,2,0,0,5,0,2,0,0,0,1,0,0,3,0,0,0,0
0,0,0,1,0,0,43,99,0,0,0,0,0,0,0,0,0,0,0,0,0,0,5,0,0,0
0,0,0,1,0,0,0,0,0,1,0,0,0,0,0,0,0,0,0,0,0,0,0,0,0,0
6,0,0,2,0,0,0,1,0,2,0,0,1,0,2,0,0,0,1,0,0,1,0,0,0,0
0,0,0,0,0,0,0,0,0,0,0,0,0,0,0,0,0,0,0,0,0,0,0,0,0,0
0,0,0,0,0,0,0,0,0,0,0,0,0,0,0,0,0,0,0,0,0,0,0,0,0,0
0,0,0,0,0,0,0,0,0,0,0,0,0,0,0,0,0,0,0,0,0,0,0,0,0,0
0,0,0,0,0,0,0,0,0,3,5,0,0,0,0,0,0,0,0,0,0,0,0,0,2,0
0,0,0,0,0,0,0,0,1,0,0,0,1,0,0,0,0,0,0,0,0,0,0,0,0,0
