0,16,0,3,6,0,1,3,4,0,0,0,1,0,6,6,7,0,0,0,0,2,8,0,1,0
6,4,0,0,1,0,2,7,4,2,6,0,3,0,8,0,1,0,0,0,0,1,6,0,2,1
1,0,0,0,74,0,1,8,6,12,4,0,0,0,13,0,0,0,0,0,0,0,0,0,48,0
0,5,0,1,7,0,5,1,2,0,3,0,0,0,10,1,5,0,0,0,0,5,10,3,7,2
0,2,0,2,5,0,4,1,7,1,0,0,0,0,2,1,6,0,0,0,0,5,5,0,4,0
14,0,0,0,19,0,0,0,5,0,89,0,13,0,76,0,0,0,0,0,0,2,4,0,0,0
0,0,0,0,0,0,0,0,0,0,0,0,0,0,0,0,0,0,0,0,0,0,0,0,0,0
0,0,0,0,0,0,0,0,0,0,0,0,0,0,1,0,0,0,0,0,0,0,0,1,2,0
0,0,0,0,0,0,0,0,0,0,0,0,0,0,0,0,0,0,0,0,0,0,0,0,0,0
0,0,0,0,0,0,0,0,0,0,0,0,0,0,0,0,0,0,0,0,0,0,0,0,0,0
0,0,0,0,0,0,0,0,0,0,0,0,0,0,0,0,0,0,0,0,0,0,0,0,0,0
0,0,0,0,0,0,0,1,1,0,4,0,0,0,0,0,0,0,0,0,0,0,0,0,2,0
0,0,0,0,0,0,0,0,0,0,0,0,0,0,0,0,0,0,0,0,0,0,0,0,0,0
