0,54,5,0,1,0,0,0,3,0,2,0,0,0,0,11,0,0,0,0,0,0,17,10,1,2
0,6,0,0,1,0,0,1,0,0,0,0,2,1,0,0,0,0,0,0,0,0,4,22,0,6
0,8,0,0,22,0,0,0,1,7,5,0,0,0,0,1,1,0,0,3,1,0,0,0,0,16
3,15,0,2,6,0,0,1,6,0,5,0,2,0,0,5,0,0,0,1,0,0,8,7,0,11
3,29,0,1,3,0,0,1,7,0,4,0,4,2,0,6,0,0,0,4,1,0,5,0,0,6
9,8,0,4,523,0,0,0,0,0,0,0,4,57,0,0,0,0,0,153,2,0,8,0,0,0
0,0,0,0,0,0,1,0,0,0,0,0,0,0,0,0,0,0,0,0,0,0,0,0,0,0
0,0,0,0,0,0,0,0,0,0,0,0,0,0,0,0,0,0,0,0,0,0,0,0,0,0
0,0,0,0,0,0,0,0,0,0,0,0,0,0,0,0,0,0,0,0,0,0,0,0,0,0
0,0,0,0,0,0,0,0,0,0,0,0,0,0,0,0,0,0,0,0,0,0,0,0,0,0
0,0,0,0,0,0,0,0,0,0,0,0,0,0,0,0,0,0,0,0,0,0,0,0,0,0
0,6,0,0,0,0,0,0,0,0,0,0,0,0,0,0,0,0,0,0,0,0,0,5,0,2
0,0,0,0,0,0,0,0,0,0,0,1,1,0,0,0,0,0,0,0,0,0,0,0,0,0
