4,14,0,0,0,0,4,9,5,0,0,0,0,0,4,16,3,0,0,0,0,0,12,0,0,0
10,14,0,0,0,7,29,20,6,4,8,2,17,2,21,10,2,0,0,0,0,3,7,0,2,0
1,1,0,0,0,7,20,67,16,10,60,3,0,1,1,0,0,0,0,0,0,38,2,0,1,1
1,1,0,0,0,1,8,3,0,3,1,1,6,0,0,2,1,0,0,0,0,1,0,0,0,1
0,0,0,0,0,0,0,0,2,0,0,1,8,0,5,0,1,0,0,0,0,0,0,0,0,1
2,0,0,0,0,2,14,0,3,0,0,0,0,0,0,0,0,0,0,0,0,0,8,0,3,0
0,0,0,0,0,0,19,0,0,0,0,0,12,3,9,0,0,0,0,0,0,0,0,0,0,0
2,0,0,0,0,0,0,1,0,0,0,0,0,0,2,1,1,1,0,0,0,0,1,0,2,0
0,0,0,0,0,0,0,0,0,0,0,0,0,0,0,0,0,0,0,0,0,0,0,0,0,0
0,0,0,0,0,0,0,0,0,0,0,0,0,0,0,0,0,0,0,0,0,0,0,0,0,0
0,0,0,0,0,0,0,0,0,0,0,0,0,0,0,0,0,2,0,0,0,0,0,0,0,0
0,0,0,0,0,3,0,0,0,0,3,2,0,0,0,0,0,0,0,0,0,0,0,0,0,1
0,0,0,0,0,0,0,0,1,0,0,0,5,0,1,0,0,0,0,0,0,0,0,0,0,0
