3,19,0,19,0,0,0,2,7,5,1,0,0,0,0,25,5,0,0,0,5,4,4,0,0,6
6,19,0,11,0,0,0,13,8,42,4,1,0,0,2,15,1,0,1,0,4,6,5,0,1,7
1,0,0,0,0,0,0,2,0,197,0,14,0,0,0,1,0,0,0,0,0,0,0,0,1,3
5,13,0,11,0,0,1,10,0,9,1,1,0,0,0,5,0,0,0,0,4,7,0,0,0,0
5,5,0,1,0,0,0,8,1,7,3,1,0,0,2,5,0,0,0,0,8,8,0,0,0,0
8,7,0,1,0,0,0,0,8,10,0,0,0,0,0,6,0,0,1,0,11,2,10,0,0,2
0,3,0,0,0,0,1,4,1,4,0,0,0,0,0,2,0,0,0,0,0,5,1,0,0,0
0,0,0,0,0,0,0,0,0,0,0,0,0,0,0,0,0,0,0,0,0,0,0,0,0,0
0,0,0,0,0,0,0,0,0,0,0,0,0,0,0,0,0,0,0,0,0,0,0,0,0,0
0,0,0,0,0,0,0,0,0,0,0,0,0,0,0,0,0,0,0,0,0,0,0,0,0,0
0,0,0,0,0,0,0,0,0,0,0,0,0,0,0,0,0,0,0,0,0,0,0,0,0,0
1,0,0,0,0,0,0,0,0,1,0,5,0,0,0,0,0,0,0,0,0,0,0,0,0,2
0,0,0,0,0,0,0,1,0,3,0,0,0,0,0,0,0,0,0,0,0,0,0,0,0,0
