0,0,0,0,12,0,0,0,0,0,0,15,0,0,0,0,0,0,21,0,14,0,3,2,0,4
0,5,0,0,4,0,0,8,8,10,6,7,0,0,1,0,0,1,32,0,3,3,6,1,9,7
0,0,0,0,0,0,0,14,1,113,8,4,0,0,0,0,0,0,5,0,0,14,0,0,206,0
0,0,0,0,8,1,0,1,15,5,0,5,3,1,1,0,0,0,6,0,2,0,7,9,0,3
0,0,0,0,2,0,0,0,10,1,0,3,2,1,2,0,0,1,1,0,2,2,5,2,0,0
0,2,0,0,2,0,0,14,1,2,0,0,0,0,0,0,0,0,3,0,2,0,0,0,0,2
0,0,0,0,2,0,0,0,1,0,0,0,0,0,0,0,0,0,0,0,0,0,0,0,0,1
0,0,0,0,1,2,0,0,0,1,0,0,0,2,0,0,0,0,1,0,0,0,0,0,1,1
0,0,0,0,0,0,0,0,0,0,0,0,0,0,0,0,0,0,0,0,0,0,0,0,0,0
0,0,0,0,0,0,0,0,0,0,0,0,0,0,0,0,0,0,0,0,0,0,0,0,0,0
0,0,0,0,0,0,0,0,0,0,0,0,0,0,0,0,0,0,0,0,0,0,0,0,0,0
0,0,0,0,0,0,0,0,0,4,2,0,0,0,0,0,0,0,0,0,0,0,0,0,2,0
0,0,0,0,0,0,0,0,0,0,0,0,0,0,0,0,0,0,0,0,0,0,0,0,0,0
