11,1,14,2,0,0,0,0,0,7,0,0,0,0,0,0,9,9,0,0,0,0,0,0,0,0
12,5,6,1,1,0,1,7,2,2,2,2,0,0,2,0,2,4,0,0,0,0,0,0,0,11
62,0,0,0,0,0,1,7,0,1,2,2,0,0,0,0,0,0,0,0,0,0,0,0,0,83
3,2,9,1,0,0,0,3,1,2,2,0,0,0,0,0,3,0,0,0,0,0,0,0,0,5
0,1,3,0,0,0,0,2,3,2,0,0,0,0,2,0,1,0,0,0,0,0,0,0,0,0
0,0,0,0,3,0,0,0,2,9,0,0,0,0,0,0,2,16,0,0,0,0,0,0,0,0
0,0,0,0,0,0,0,0,0,1,0,0,0,0,0,0,0,0,0,0,0,0,0,0,0,0
0,0,0,0,0,0,0,0,0,0,0,0,0,0,0,0,0,0,0,0,0,0,0,0,0,0
0,0,0,0,0,0,0,0,0,0,0,0,0,0,0,0,0,0,0,0,0,0,0,0,0,0
0,0,0,0,0,0,0,0,0,0,0,0,0,0,0,0,0,0,0,0,0,0,0,0,0,0
0,0,0,0,0,0,0,0,0,0,0,0,0,0,0,0,0,0,0,0,0,0,0,0,0,0
0,0,0,0,0,0,0,0,0,0,0,7,0,0,0,0,0,0,0,0,0,0,0,0,0,5
0,0,0,0,0,0,0,0,0,0,0,0,0,0,0,0,0,0,0,0,0,0,0,0,0,0
