3,17,0,0,0,0,0,2,2,0,0,2,0,0,4,15,10,0,0,0,0,1,2,0,0,4
12,12,0,0,3,1,6,13,4,0,0,2,6,10,3,2,5,0,0,0,3,26,1,0,2,8
3,0,0,0,0,1,164,1,0,0,0,1,0,1,0,0,0,0,0,0,2,263,0,0,5,8
8,4,1,0,0,3,9,16,1,0,0,0,2,9,0,0,1,4,0,0,2,6,0,1,2,6
7,1,0,0,0,0,0,1,1,0,0,0,2,8,0,0,0,0,0,0,0,0,0,0,0,0
6,0,0,0,0,0,3,118,0,0,0,0,197,5,11,0,291,0,0,0,0,204,4,0,0,6
0,0,0,0,1,0,0,2,0,0,0,0,0,6,0,0,0,0,0,0,1,16,0,0,0,4
0,0,0,0,0,0,0,0,0,0,0,0,0,0,0,0,0,0,0,0,0,0,0,0,0,0
0,0,0,0,0,0,0,0,0,0,0,0,0,0,0,0,0,0,0,0,0,0,0,0,0,0
0,0,0,0,0,0,0,0,0,0,0,0,0,0,0,0,0,0,0,0,0,0,0,0,0,0
0,0,0,0,0,0,0,0,0,0,0,0,0,0,0,0,0,0,0,0,0,0,0,0,0,0
0,0,0,0,0,1,0,0,0,0,0,1,0,0,0,0,0,0,0,0,0,0,0,0,0,1
0,0,0,0,0,0,0,1,1,0,0,0,1,3,0,0,0,0,0,0,0,0,0,0,0,0
