0,0,0,0,0,0,0,0,0,0,0,0,0,3,0,1,0,0,2,0,1,0,0,0,0,0
0,0,0,0,0,0,0,0,0,0,8,0,1,5,0,2,0,0,8,0,8,5,0,0,6,2
0,0,0,0,0,0,0,0,0,0,0,0,1,0,0,37,0,0,0,0,5,3,0,0,0,3
0,0,0,0,0,0,0,0,3,0,24,0,8,15,2,2,0,0,3,0,0,2,0,0,5,0
0,0,0,0,0,0,0,0,0,0,6,0,2,8,0,0,0,0,0,0,1,0,0,0,1,0
0,0,0,0,0,0,0,0,0,0,0,0,3,3,2,0,0,0,1,0,115,0,0,0,0,0
0,0,0,0,0,0,0,0,0,0,0,0,0,4,0,2,0,0,0,0,8,1,0,0,1,0
0,0,0,0,0,0,0,0,0,0,1,0,0,0,0,0,0,0,0,0,0,0,0,0,0,0
0,0,0,0,0,0,0,0,0,0,0,0,0,0,0,0,0,0,0,0,0,0,0,0,0,0
0,0,0,0,0,0,0,0,0,0,0,0,0,0,0,0,0,0,0,0,0,0,0,0,0,0
0,0,0,0,0,0,0,0,0,0,0,0,0,0,0,0,0,0,0,0,0,0,0,0,0,0
0,0,0,0,0,0,0,0,0,0,0,0,0,0,0,0,0,0,0,0,0,0,0,0,0,0
0,0,0,0,0,0,0,0,0,0,0,0,0,0,0,0,0,0,0,0,0,0,0,0,0,0
