7,1,10,0,0,7,0,0,0,4,0,0,0,0,0,0,9,0,0,0,0,0,0,0,0,2
10,1,2,0,0,0,9,5,2,10,7,8,0,0,2,0,3,0,1,0,0,1,4,0,3,9
11,0,0,0,0,0,3,1,15,3,58,37,0,0,0,0,0,0,0,0,0,0,55,0,21,26
27,2,1,0,0,1,7,2,1,5,0,3,0,1,2,0,1,1,0,0,0,1,1,0,1,2
25,0,0,0,0,1,0,1,1,0,0,4,0,0,3,0,0,2,1,0,0,6,0,0,0,1
30,0,0,0,0,0,4,207,0,0,0,2,0,0,0,0,0,0,0,0,0,0,2,0,0,2
1,0,0,0,0,0,6,0,0,0,0,0,0,0,0,0,0,0,0,0,0,0,0,0,0,0
12,0,0,0,0,0,0,0,0,0,0,0,0,0,0,0,0,0,0,1,0,0,0,1,1,3
0,0,0,0,0,0,0,0,0,0,0,0,0,0,0,0,0,0,0,0,0,0,0,0,0,0
0,0,0,0,0,0,0,0,0,0,0,0,0,0,0,0,0,0,0,0,0,0,0,0,0,0
1,0,0,0,0,0,0,0,0,0,0,0,0,0,0,0,0,0,0,0,0,0,0,0,0,0
0,0,0,0,0,0,1,2,0,0,0,1,0,0,0,0,0,0,0,0,0,0,0,0,0,5
0,0,0,0,0,0,0,0,0,0,0,0,0,0,0,0,0,0,0,0,0,0,0,0,0,0
