16,0,0,0,15,0,1,2,0,2,0,7,0,0,0,0,0,1,13,8,0,0,0,0,0,18
9,0,0,0,15,0,23,13,4,12,0,19,1,6,14,0,0,3,5,3,4,3,0,6,1,12
0,0,3,0,8,0,415,75,347,7,2,1,0,73,1020,0,0,0,0,0,17,25,1,1264,12,7
3,0,5,0,6,0,64,8,5,11,2,4,5,7,2,0,0,13,2,0,1,2,0,0,1,4
0,0,3,0,0,0,22,2,4,1,2,1,4,4,2,0,0,7,3,0,0,0,0,0,1,1
0,0,2,0,1,0,74,0,0,0,0,3,0,6,0,0,0,0,0,0,0,0,0,0,0,23
0,0,0,0,3,0,3,1,0,2,0,0,0,0,0,0,0,0,0,0,0,0,0,0,0,0
0,0,0,0,1,0,0,0,0,0,0,0,0,0,0,0,0,0,0,0,0,0,0,0,0,0
0,0,0,0,0,0,0,0,0,0,0,0,0,0,0,0,0,0,0,0,0,0,0,0,0,0
0,0,0,0,0,0,0,0,0,0,0,0,0,0,0,0,0,0,0,0,0,0,0,0,0,0
0,0,0,0,0,0,0,0,0,0,0,0,0,0,0,0,0,0,5,1,0,1,0,0,3,0
0,0,0,0,0,0,1,0,0,5,11,1,0,0,0,0,0,0,0,0,0,0,0,0,2,0
0,0,0,0,0,0,2,0,2,0,0,0,1,0,0,0,0,0,0,0,0,0,0,0,0,0
