0,8,6,0,5,0,2,4,2,5,0,0,0,5,3,7,0,0,0,0,0,5,8,2,2,0
0,17,4,5,18,4,15,7,1,8,6,7,0,5,3,3,0,3,1,2,3,12,6,8,12,2
0,20,48,0,41,3,80,0,0,6,2,2,0,9,0,0,0,0,9,1,194,26,0,7,15,4
0,3,3,1,5,1,8,4,0,0,0,0,0,3,2,0,0,0,0,0,0,4,0,0,6,6
0,0,0,0,1,0,0,1,0,1,0,0,0,0,4,0,0,0,0,0,0,2,0,0,2,0
0,235,56,0,0,37,0,12,0,0,37,0,0,0,5,0,0,0,0,27,0,4,8,8,3,0
0,0,0,0,0,0,4,3,0,0,0,0,1,0,3,0,0,0,0,0,0,5,1,2,3,0
1,1,0,0,0,0,1,0,0,0,0,0,0,0,0,0,0,0,0,0,0,0,0,0,0,0
0,0,0,0,0,0,0,0,0,0,0,0,0,0,0,0,0,0,0,0,0,0,0,0,0,0
0,0,0,0,0,0,0,0,0,0,0,0,0,0,0,0,0,0,0,0,0,0,0,0,0,0
0,0,0,0,0,0,0,0,0,0,0,0,0,0,0,0,0,0,0,0,0,0,0,0,0,0
0,0,0,0,0,0,0,1,0,3,1,2,0,0,0,0,0,0,0,0,0,0,0,1,0,4
0,0,0,0,1,0,1,1,0,1,0,0,0,0,0,0,0,0,0,0,0,0,0,0,0,0
