0,16,1,0,0,0,0,0,5,10,0,0,0,0,0,2,0,0,6,0,0,0,3,0,0,6
0,1,1,0,0,0,2,2,4,10,13,0,1,0,0,2,0,0,3,0,0,0,1,1,5,5
0,0,0,0,0,0,3,0,164,82,9,0,0,0,0,0,0,0,1,0,0,0,0,1,71,298
0,4,2,0,0,0,0,0,0,3,0,0,0,0,0,0,0,0,0,0,0,0,0,0,6,0
0,3,4,0,0,0,0,1,0,0,1,0,1,0,0,0,0,0,0,0,0,0,0,0,1,0
0,0,0,0,0,0,4,0,8,3,0,0,0,0,0,2,0,0,0,0,0,0,4,0,0,3
0,0,0,0,0,0,0,0,0,2,3,0,0,0,0,0,0,0,0,0,0,0,0,0,0,0
0,0,0,0,0,0,0,0,0,1,0,0,0,0,0,0,0,0,0,0,0,0,0,0,0,0
0,0,0,0,0,0,0,0,0,0,0,0,0,0,0,0,0,0,0,0,0,0,0,0,0,0
0,0,0,0,0,0,0,0,0,0,0,0,0,0,0,0,0,0,0,0,0,0,0,0,0,0
0,0,0,0,0,0,0,0,0,0,0,0,0,0,0,0,0,0,0,0,0,0,0,0,0,0
0,0,0,0,0,0,0,0,0,0,16,0,0,0,0,0,0,0,0,0,0,0,0,0,3,0
0,0,0,0,0,0,0,1,0,0,1,0,0,0,0,0,0,0,0,0,0,0,0,0,0,0
