0,0,0,0,17,0,0,0,0,0,0,0,0,0,0,0,0,0,2,23,0,0,0,0,0,1
0,0,0,0,6,0,1,5,0,1,0,0,0,0,0,0,0,0,2,5,1,1,0,0,0,0
0,0,0,0,0,0,1,0,0,11,2,0,0,0,0,0,0,0,0,0,1,1,0,0,1,10
0,0,0,0,1,0,1,2,1,15,2,0,0,1,0,0,0,0,0,0,0,4,0,0,1,4
0,0,0,0,3,0,6,6,1,10,2,0,0,1,0,0,0,0,0,0,0,3,0,0,1,2
0,0,0,0,0,0,0,0,0,2,0,0,0,0,0,0,0,0,12,0,0,0,0,0,0,0
0,0,0,0,0,0,0,0,0,0,0,0,0,0,0,0,0,0,0,0,0,0,0,0,0,0
0,0,0,0,0,0,0,0,0,0,0,0,0,0,0,0,0,0,0,0,0,0,0,0,0,0
0,0,0,0,0,0,0,0,0,0,0,0,0,0,0,0,0,0,0,0,0,0,0,0,0,0
0,0,0,0,0,0,0,0,0,0,0,0,0,0,0,0,0,0,0,0,0,0,0,0,0,0
0,0,0,0,0,0,0,0,0,0,0,0,0,0,0,0,0,0,0,0,0,0,0,0,0,0
0,0,0,0,0,0,0,0,0,0,2,0,0,0,0,0,0,0,0,0,0,0,0,0,2,0
0,0,0,0,0,0,0,0,0,0,0,0,0,0,0,0,0,0,0,0,0,0,0,0,0,0
