0,21,0,0,0,0,6,0,3,0,0,0,0,0,0,8,0,0,0,0,0,1,8,0,0,10
6,2,0,0,0,0,1,0,20,0,13,0,0,0,6,2,0,0,0,7,0,8,1,3,0,11
0,0,0,0,0,0,0,0,355,0,2,0,0,0,0,0,0,0,0,0,0,0,0,2,1,6
13,11,0,0,0,0,2,0,12,0,2,0,0,0,12,3,0,0,0,0,0,7,6,4,2,3
0,5,0,0,0,0,2,0,1,0,0,0,0,0,2,0,0,0,0,0,0,0,3,2,1,0
0,0,0,0,0,0,146,0,0,0,0,0,0,0,0,0,0,0,0,0,0,0,5,0,0,3
12,0,0,0,0,0,0,0,0,0,0,0,0,0,0,0,0,0,0,0,0,0,0,0,0,0
3,0,0,0,0,0,0,0,0,0,0,0,0,0,0,0,0,0,0,0,0,0,0,0,0,0
0,0,0,0,0,0,0,0,0,0,0,0,0,0,0,0,0,0,0,0,0,0,0,0,0,0
0,0,0,0,0,0,0,0,0,0,0,0,0,0,0,0,0,0,0,0,0,0,0,0,0,0
0,0,0,0,0,0,0,0,0,0,0,0,0,0,0,0,0,0,0,0,0,0,0,0,0,0
0,0,0,0,0,0,0,0,0,0,4,0,0,0,0,0,0,0,0,0,0,0,0,4,1,0
0,0,0,0,0,0,0,0,0,0,0,0,0,0,0,0,0,0,0,0,0,0,0,0,0,0
