0,10,0,2,0,0,0,4,3,0,0,0,0,0,0,6,0,0,0,0,0,0,0,0,0,0
11,6,1,13,1,0,4,4,6,4,2,0,3,1,0,3,0,0,0,3,0,1,1,2,1,0
0,2,0,1,2,0,83,3,0,32,1,0,0,0,0,0,0,0,0,0,0,0,0,0,1,0
0,4,2,4,0,0,13,0,0,0,0,0,1,0,1,0,0,0,0,0,0,0,0,0,0,0
0,0,3,3,0,0,0,1,1,0,0,0,2,0,0,0,0,0,0,0,0,0,0,0,0,0
0,9,0,0,0,0,10,0,10,0,180,0,3,0,6,0,0,0,0,85,0,28,1,8,0,0
0,0,1,2,0,0,3,0,0,0,0,0,0,3,0,4,0,0,0,0,0,0,0,2,0,0
0,0,0,0,0,0,0,0,0,0,0,0,0,0,0,1,0,1,0,1,0,0,0,0,0,0
0,0,0,0,0,0,0,0,0,0,0,0,0,0,0,0,0,0,0,0,0,0,0,0,0,0
0,0,0,0,0,0,0,0,0,0,0,0,0,0,0,0,0,0,0,0,0,0,0,0,0,0
0,0,0,0,0,0,0,0,0,0,0,0,0,0,0,0,0,0,0,0,0,0,0,0,0,0
0,0,0,0,0,0,0,3,0,0,3,0,0,0,0,0,0,0,0,0,0,0,0,0,1,0
0,0,0,0,0,0,0,1,0,0,0,0,0,0,0,0,0,0,0,0,0,0,0,0,0,0
