0,22,0,0,0,0,0,11,0,0,0,0,0,0,0,12,0,0,0,0,0,11,0,0,0,0
0,6,0,0,0,0,10,20,2,3,3,0,0,2,0,3,0,0,0,0,0,18,3,0,5,1
0,0,0,0,0,0,85,2,2,9,5,0,0,0,0,0,0,0,0,0,0,135,41,0,4,0
0,7,0,0,0,0,5,7,0,0,0,0,0,10,3,0,0,0,0,0,0,5,1,0,0,0
0,2,0,0,0,0,0,3,1,0,0,0,0,4,3,0,0,0,0,0,0,8,0,0,0,0
0,0,0,0,0,0,0,1,0,0,0,0,0,229,0,3,0,0,0,0,0,1,6,0,2,1
0,0,0,0,0,0,0,1,0,0,0,0,0,0,0,0,0,0,0,0,0,2,0,0,0,0
0,0,0,0,0,0,0,0,0,0,0,0,0,0,0,0,0,0,0,0,0,0,0,0,0,0
0,0,0,0,0,0,0,0,0,0,0,0,0,0,0,0,0,0,0,0,0,0,0,0,0,0
0,0,0,0,0,0,0,0,0,0,0,0,0,0,0,0,0,0,0,0,0,0,0,0,0,0
0,0,0,0,0,0,0,0,0,0,0,0,0,0,0,0,0,0,0,0,0,0,0,0,0,0
0,0,0,0,0,0,0,0,0,0,3,0,0,0,0,0,0,0,0,0,0,0,0,0,1,0
0,0,0,0,0,0,0,0,0,0,0,0,0,0,0,0,0,0,0,0,0,0,0,0,0,0
