1,8,0,0,8,0,1,6,0,0,0,6,0,0,0,0,0,0,14,0,0,0,0,0,1,6
4,27,2,0,8,0,2,28,2,5,1,2,0,0,0,0,0,0,4,0,11,3,4,0,1,2
2,89,1,0,6,0,0,9,0,0,3,0,0,0,0,0,0,0,0,0,100,5,48,1,1,0
0,8,0,0,3,0,5,15,0,0,1,0,0,2,0,0,2,0,0,0,0,0,1,1,0,0
0,0,0,0,0,0,0,0,1,2,1,0,0,0,0,0,0,0,0,0,0,0,1,1,0,0
4,18,70,0,173,0,0,0,118,0,0,0,0,0,0,0,0,0,0,0,35,0,0,0,0,4
0,3,0,0,0,0,1,1,0,0,0,0,0,0,0,0,0,0,0,0,0,0,0,0,0,0
1,2,0,0,0,0,0,0,1,0,0,0,0,0,0,0,0,0,0,0,0,0,0,0,0,0
0,0,0,0,0,0,0,0,0,0,0,0,0,0,0,0,0,0,0,0,0,0,0,0,0,0
0,0,0,0,0,0,0,0,0,0,0,0,0,0,0,0,0,0,0,0,0,0,0,0,0,0
0,0,0,0,0,0,0,0,0,0,0,0,0,0,0,0,0,0,0,0,0,0,0,0,0,0
0,1,0,0,0,0,0,1,0,0,4,0,0,0,0,0,0,0,0,0,0,0,0,1,1,0
0,0,0,0,0,0,0,0,0,0,0,0,0,0,0,0,0,0,0,0,0,0,0,0,0,0
