0,0,0,0,14,0,0,2,0,0,0,17,0,0,0,0,4,0,4,0,0,0,0,0,0,6
0,0,0,4,13,0,2,34,2,9,21,61,2,1,0,0,4,0,2,0,0,6,0,0,0,5
0,0,0,0,0,0,0,18,1,126,150,27,0,0,0,0,0,0,0,0,0,4,0,0,1,0
0,0,0,7,7,0,1,27,9,4,14,4,0,0,0,1,10,1,1,0,0,0,0,0,1,1
0,0,0,3,2,0,0,10,2,0,3,2,0,1,0,0,3,4,0,0,0,0,0,0,1,0
0,0,0,0,2,0,3,13,1,11,137,24,18,0,0,0,4,0,5,0,0,0,0,0,0,9
0,0,0,0,2,0,0,0,0,1,0,0,0,0,0,0,6,0,0,0,0,0,0,0,0,0
0,0,0,0,0,0,0,0,0,0,0,1,0,0,0,0,1,0,0,0,0,0,0,0,0,0
0,0,0,0,0,0,0,0,0,0,0,0,0,0,0,0,0,0,0,0,0,0,0,0,0,0
0,0,0,0,0,0,0,0,0,0,0,0,0,0,0,0,0,0,0,0,0,0,0,0,0,0
0,0,0,0,0,0,0,0,0,0,0,0,0,0,0,0,0,0,2,0,0,0,0,1,0,0
0,0,0,0,0,0,0,1,0,0,5,3,0,0,0,0,0,0,0,0,0,0,0,0,1,0
0,0,0,0,0,0,0,2,0,0,0,0,0,0,0,0,0,0,0,0,0,0,0,0,0,0
