0,29,0,0,0,0,1,1,9,10,0,0,0,0,0,13,0,2,0,0,0,19,26,0,0,0
0,2,0,0,3,0,5,2,6,5,6,9,0,0,0,12,0,11,1,0,0,2,25,0,4,7
0,0,0,0,2,0,5,0,0,1,63,36,0,0,0,38,0,5,5,0,0,0,0,0,14,83
2,11,0,0,0,0,2,17,6,5,5,20,0,0,2,11,0,8,8,0,0,7,19,0,3,9
0,7,0,0,0,0,0,3,9,3,0,2,0,0,0,4,0,0,6,0,0,4,14,0,2,3
0,1,0,0,3,0,2,0,3,0,0,3,0,0,0,3,0,18,0,0,0,1,6,0,0,0
0,0,0,0,0,0,0,0,1,0,0,0,0,0,0,4,0,3,0,0,0,0,11,0,1,1
0,2,0,0,0,0,0,0,0,0,0,0,0,0,0,0,0,0,0,0,0,0,1,0,0,0
0,0,0,0,0,0,0,0,0,0,0,0,0,0,0,0,0,0,0,0,0,0,0,0,0,0
0,0,0,0,0,0,0,0,0,0,0,0,0,0,0,0,0,1,0,0,0,0,1,0,0,0
0,0,0,0,0,0,0,0,0,0,0,0,0,0,0,0,0,0,0,0,0,0,0,0,0,0
0,0,0,0,0,0,0,0,0,0,6,0,0,0,0,0,0,0,9,0,0,0,0,0,0,2
0,0,0,0,1,0,0,0,1,0,0,0,0,0,0,0,0,0,0,0,0,0,0,0,0,0
