2,18,3,4,0,0,2,0,3,1,7,0,0,0,0,18,2,0,0,0,0,0,12,0,3,0
2,32,4,8,0,0,2,12,5,32,14,0,2,8,6,11,0,4,0,0,1,4,12,0,15,0
0,2,5,28,0,0,1,2,0,305,7,0,0,3,0,1,0,3,0,0,0,0,1,0,378,0
0,1,2,2,0,0,0,0,0,0,2,0,1,1,1,2,0,0,0,0,0,0,0,0,0,0
0,0,0,0,0,0,0,1,3,0,0,0,2,2,0,1,0,1,0,0,0,0,0,0,0,0
0,2,12,13,0,0,0,0,0,162,8,0,0,76,138,0,0,2,0,0,0,0,17,0,10,0
0,1,0,0,0,0,5,5,0,0,1,0,1,3,2,1,0,0,0,0,5,0,0,0,0,0
0,1,0,1,0,0,0,0,2,0,0,0,0,0,0,0,0,0,0,0,0,0,0,0,0,0
0,0,0,0,0,0,0,0,0,0,0,0,0,0,0,0,0,0,0,0,0,0,0,0,0,0
0,0,0,0,0,0,0,0,0,0,0,0,0,0,0,0,0,0,0,0,0,0,0,0,0,0
0,0,1,0,0,0,0,0,0,0,0,0,0,0,0,0,0,0,0,0,0,0,0,0,0,0
0,0,0,0,0,0,0,2,0,1,9,0,0,0,0,0,0,2,0,0,0,0,0,0,4,0
0,0,0,0,0,0,0,0,0,0,0,0,0,0,0,0,0,0,0,0,0,0,0,0,0,0
