0,0,1,0,11,0,10,1,0,0,0,0,0,0,0,0,0,0,5,0,0,0,0,1,1,8
0,0,1,0,8,0,20,13,7,8,10,4,0,5,0,0,1,0,1,0,0,0,2,1,1,5
0,0,1,0,0,0,27,25,0,3,311,28,0,0,0,0,0,0,0,0,0,0,5,1,13,15
0,0,14,0,1,0,25,12,0,4,10,2,0,0,0,0,1,0,1,0,0,0,2,2,14,2
0,0,2,0,0,0,10,4,1,4,3,0,0,1,0,0,0,0,0,0,0,0,0,1,7,1
0,0,0,0,0,0,4,1,0,0,1,0,0,0,0,0,0,0,0,0,0,0,0,0,0,5
0,0,0,0,0,0,1,0,0,0,0,0,0,0,0,0,0,0,0,0,0,0,0,0,0,0
0,0,0,0,0,0,1,0,0,0,0,0,0,0,0,0,0,0,0,0,0,0,0,1,0,0
0,0,0,0,0,0,0,0,0,0,0,0,0,0,0,0,0,0,0,0,0,0,0,0,0,0
0,0,0,0,0,0,0,0,0,0,0,0,0,0,0,0,0,0,0,0,0,0,0,0,0,0
0,0,0,0,0,0,0,0,0,0,0,0,0,0,0,0,0,0,0,0,0,0,0,0,0,0
0,0,0,0,0,0,0,2,0,3,0,0,0,0,0,0,0,0,0,0,0,0,0,1,1,0
0,0,0,0,0,0,0,0,0,1,0,0,0,1,0,0,0,0,0,0,0,0,0,0,0,0
