0,10,23,0,5,0,0,0,14,0,0,0,0,0,0,0,7,10,0,0,0,5,0,0,0,2
0,13,16,0,1,0,2,3,20,6,0,0,0,0,0,0,5,4,0,0,0,8,1,13,4,0
0,1,1,0,0,0,1,1,345,1,0,4,0,0,0,0,0,0,0,0,0,0,1,104,9,3
2,6,20,0,4,0,5,6,2,15,4,13,0,0,0,0,1,0,0,0,0,4,0,34,2,7
0,0,3,0,1,0,0,6,2,13,0,6,0,0,0,0,2,0,0,0,0,1,0,17,0,5
0,6,0,0,0,0,0,0,0,7,0,0,0,0,0,0,0,4,0,0,0,0,0,113,0,0
0,7,6,0,4,0,5,0,0,0,0,0,0,0,0,0,7,0,0,0,0,13,0,0,0,0
0,0,4,0,0,0,0,0,0,0,0,0,0,0,0,0,0,0,0,0,0,0,0,0,0,0
0,0,0,0,0,0,0,0,0,0,0,0,0,0,0,0,0,0,0,0,0,0,0,0,0,0
0,0,0,0,0,0,0,0,0,0,0,0,0,0,0,0,0,0,0,0,0,0,0,0,0,0
0,0,0,0,0,0,0,0,0,0,0,0,0,0,0,0,0,0,0,0,0,0,0,0,0,0
0,0,0,0,0,0,0,3,0,0,0,5,0,0,0,0,0,0,0,0,0,0,0,12,0,1
0,0,0,0,0,0,0,1,0,0,0,1,0,0,0,0,0,0,0,0,0,0,0,0,0,0
