2,9,0,0,0,0,0,0,0,0,0,0,0,6,0,3,0,2,17,2,0,0,5,0,0,0
1,4,0,0,0,7,0,2,3,10,9,0,1,8,1,8,3,8,2,5,6,1,4,0,0,1
0,0,0,0,0,61,0,1,3,51,10,0,0,0,0,0,1,33,0,0,0,1,0,0,0,1
4,0,0,0,0,6,0,0,0,0,1,0,0,7,0,5,0,0,0,5,4,3,2,0,0,0
0,0,0,0,0,0,0,0,1,0,0,0,1,0,0,0,0,0,0,0,0,0,1,0,0,0
0,0,0,0,0,6,0,7,15,275,0,0,0,5,4,74,68,0,0,0,0,0,10,0,0,0
0,2,0,0,0,0,0,0,0,0,0,0,0,2,0,1,0,2,0,0,0,0,1,0,0,0
0,0,0,0,0,0,0,0,0,0,0,0,0,0,0,0,0,0,0,0,0,0,0,0,0,0
0,0,0,0,0,0,0,0,0,0,0,0,0,0,0,0,0,0,0,0,0,0,0,0,0,0
0,0,0,0,0,0,0,0,0,0,0,0,0,0,0,0,0,0,0,0,0,0,0,0,0,0
0,0,0,0,0,0,0,0,0,0,0,0,0,0,0,0,0,0,0,0,0,0,0,0,0,0
0,0,0,0,0,0,0,0,0,3,9,0,0,0,0,0,0,0,0,0,0,0,0,0,0,1
0,0,0,0,0,0,0,0,0,0,0,0,0,0,0,0,0,0,0,0,0,0,0,0,0,0
