0,0,13,0,0,0,0,0,0,2,0,0,0,2,0,1,19,6,0,0,0,0,0,0,0,0
0,5,4,0,0,0,5,4,20,22,2,1,4,9,10,2,7,3,0,0,0,0,0,3,3,0
0,1,0,0,0,0,0,1,11,58,38,20,1,0,0,0,2,0,0,0,0,0,0,25,7,0
0,0,1,0,0,0,3,0,6,3,0,0,0,0,0,0,1,3,0,0,0,0,0,0,1,4
0,0,0,0,0,0,1,1,1,0,0,0,0,1,0,0,3,0,0,0,0,0,0,0,0,1
0,2,3,0,0,0,2,4,0,3,0,0,0,0,0,2,1,5,0,0,0,0,0,0,1,0
0,0,0,0,0,0,0,0,2,0,0,0,0,3,0,0,0,0,0,0,0,0,0,0,0,0
0,0,0,0,0,0,0,0,0,0,0,0,0,0,0,0,0,0,0,0,0,0,0,0,0,0
0,0,0,0,0,0,0,0,0,0,0,0,0,0,0,0,0,0,0,0,0,0,0,0,0,0
0,0,0,0,0,0,0,0,0,0,0,0,0,0,0,0,0,0,0,0,0,0,0,0,0,0
0,0,0,0,0,0,0,0,0,0,0,0,0,0,0,0,0,0,0,0,0,0,0,0,0,3
0,0,0,0,0,0,0,0,0,4,3,0,0,0,0,0,0,0,0,0,0,0,0,0,2,0
0,0,0,0,0,0,0,0,1,0,0,0,0,0,0,0,0,0,0,0,0,0,0,0,0,0
