0,0,11,0,0,0,0,0,2,0,0,0,0,1,0,0,13,4,0,0,0,0,0,0,0,1
0,3,10,0,0,0,0,15,21,10,2,0,0,7,0,0,3,5,0,0,2,0,0,6,6,6
0,0,0,0,0,0,0,3,94,0,3,0,0,1,0,0,0,2,0,0,0,0,0,0,1,0
0,1,0,0,0,0,0,12,9,0,0,0,0,2,0,0,0,0,0,0,2,0,0,0,0,2
0,0,0,0,0,0,0,3,0,0,0,0,0,4,0,0,0,0,0,0,0,0,0,0,0,2
0,0,0,0,0,0,0,145,0,0,0,0,0,0,0,0,0,5,0,0,0,0,0,0,0,0
0,0,0,0,0,0,0,8,0,0,0,0,0,0,0,0,0,0,0,0,0,0,0,0,0,0
0,0,0,0,0,0,0,1,0,0,0,0,0,0,0,0,0,0,0,0,0,0,0,0,0,0
0,0,0,0,0,0,0,0,0,0,0,0,0,0,0,0,0,0,0,0,0,0,0,0,0,0
0,0,0,0,0,0,0,0,0,0,0,0,0,0,0,0,0,0,0,0,0,0,0,0,0,0
0,0,0,0,0,0,0,0,0,0,0,0,0,0,0,0,0,0,0,0,0,0,0,0,0,0
0,0,0,0,0,0,0,0,0,0,1,0,0,0,0,0,0,0,0,0,0,0,0,0,1,0
0,0,0,0,0,0,0,0,0,0,0,0,0,0,0,0,0,0,0,0,0,0,0,0,0,0
