0,2,0,0,12,4,0,1,0,0,0,0,0,0,0,0,0,0,14,0,0,0,0,0,0,12
0,7,0,0,5,4,0,9,0,0,0,1,0,0,0,0,0,0,1,0,0,3,0,0,2,1
0,0,0,0,0,0,0,11,0,1,0,19,0,0,0,0,0,0,0,0,0,6,0,0,24,23
0,3,0,0,10,4,0,5,2,3,0,4,0,0,2,0,1,0,4,0,0,2,0,2,0,6
0,3,0,0,3,6,0,1,1,3,0,2,0,0,3,0,0,0,1,0,0,0,0,2,0,5
0,0,0,0,0,0,0,146,0,23,0,0,0,0,43,0,0,0,0,0,0,0,0,296,0,0
0,3,0,0,0,0,0,0,0,0,0,0,0,0,0,0,0,0,0,0,0,0,0,0,0,0
0,0,0,0,0,0,0,0,0,0,0,0,0,0,0,0,0,0,0,0,0,0,0,0,0,0
0,0,0,0,0,0,0,0,0,0,0,0,0,0,0,0,0,0,0,0,0,0,0,0,0,0
0,0,0,0,0,0,0,0,0,0,0,0,0,0,0,0,0,0,0,0,0,0,0,0,0,0
0,0,0,0,0,0,0,0,0,0,0,0,0,0,0,0,0,0,0,0,0,0,0,0,0,0
0,0,0,0,0,0,0,0,0,0,0,4,0,0,0,0,0,0,0,0,0,0,0,0,0,2
0,0,0,0,0,0,0,0,0,0,0,0,0,0,0,0,0,0,0,0,0,0,0,0,0,0
