2,14,6,0,2,0,2,0,2,6,1,0,0,0,4,7,0,0,0,0,0,0,2,0,0,0
28,5,13,4,1,1,6,4,10,2,18,8,7,0,3,2,4,0,33,6,2,4,6,0,0,25
58,7,71,1,0,2,24,1,10,0,370,16,10,0,0,0,41,0,5,55,2,0,2,0,0,132
5,1,9,0,0,5,0,2,1,3,1,0,0,0,1,2,0,0,0,0,0,0,0,0,1,3
0,0,4,0,2,0,0,2,2,2,1,2,1,0,2,0,0,0,0,0,0,0,0,0,0,1
5,0,0,2,0,0,16,158,26,0,40,0,136,0,16,7,0,0,0,0,0,45,24,0,0,2
7,0,0,0,0,0,3,4,0,0,0,0,3,0,0,0,0,0,0,0,0,0,0,0,0,0
5,2,1,0,0,0,0,0,1,0,0,0,0,0,0,0,0,0,0,0,1,0,1,0,1,0
0,0,0,0,0,0,0,0,0,0,0,0,0,0,0,0,0,0,0,0,0,0,0,0,0,0
0,0,0,0,0,0,0,0,0,0,0,0,0,0,0,0,0,0,0,0,0,0,0,0,0,0
0,0,0,0,0,0,0,0,0,0,0,0,0,0,0,0,0,0,0,0,0,0,0,0,0,0
0,0,0,0,0,0,0,0,0,0,2,5,0,0,0,0,0,0,0,0,2,0,0,0,0,2
0,0,0,0,1,0,0,0,1,0,0,3,0,0,0,0,0,0,0,0,0,0,0,0,0,0
