0,0,0,0,15,0,2,0,0,0,0,6,1,0,0,0,0,0,0,5,0,1,4,0,0,4
0,0,0,0,7,0,21,16,0,2,1,3,3,0,7,0,2,0,0,3,0,14,3,2,5,2
0,0,0,0,0,0,46,521,0,1,1,2,0,0,0,0,1,0,0,0,0,41,0,2,2067,0
0,0,0,0,0,0,18,17,0,0,0,0,1,0,1,0,3,0,0,0,0,1,1,3,1,0
0,0,0,0,0,0,4,7,0,1,0,0,1,0,1,0,1,0,0,0,0,1,0,0,0,0
0,0,0,0,0,0,139,4,0,0,0,0,20,0,88,0,0,0,0,0,0,64,0,0,0,1
0,0,0,0,0,0,0,0,0,0,0,0,0,0,0,0,0,0,0,0,0,0,0,0,0,0
0,0,0,0,0,0,0,0,0,0,0,0,0,0,1,0,0,0,0,0,0,0,1,0,0,0
0,0,0,0,0,0,0,0,0,0,0,0,0,0,0,0,0,0,0,0,0,0,0,0,0,0
0,0,0,0,0,0,0,0,0,0,0,0,0,0,0,0,0,0,0,0,0,0,0,0,0,0
0,0,0,0,0,0,0,0,0,0,0,0,0,0,0,0,0,0,0,0,0,0,0,0,0,0
0,0,0,0,0,0,3,0,0,1,0,1,0,0,0,0,0,0,0,0,0,0,0,6,2,0
0,0,0,0,0,0,2,1,0,0,0,0,0,0,1,0,0,0,0,0,0,0,0,0,0,0
