0,0,0,0,15,0,1,0,0,1,0,0,0,0,1,0,0,0,17,9,9,0,0,0,0,3
0,0,0,0,5,0,20,1,5,18,4,0,4,9,10,0,0,0,18,4,3,9,3,2,4,19
0,0,0,0,0,0,2,7,1,72,284,0,0,0,0,0,0,0,0,0,0,9,0,2,13,259
0,0,0,0,10,0,1,3,8,12,1,0,2,2,2,0,0,0,4,2,0,7,0,3,6,3
0,0,0,0,2,0,1,0,6,5,0,0,0,2,0,0,0,0,3,0,0,1,0,2,1,0
0,0,0,0,2,0,6,0,0,0,5,0,0,0,3,0,0,0,0,0,0,0,0,0,0,89
0,0,0,0,0,0,0,0,0,0,0,0,0,0,0,0,0,0,4,0,0,3,0,0,0,1
0,0,0,0,0,0,0,0,0,0,0,0,0,0,0,0,0,0,0,0,0,0,0,0,0,0
0,0,0,0,0,0,0,0,0,0,0,0,0,0,0,0,0,0,0,0,0,0,0,0,0,0
0,0,0,0,0,0,0,0,0,0,0,0,0,0,0,0,0,0,0,0,0,0,0,0,0,0
0,0,0,0,0,0,0,0,0,0,0,0,0,0,0,0,0,0,0,0,0,0,0,0,0,0
0,0,0,0,0,0,0,0,0,8,0,0,0,0,0,0,0,0,0,0,0,0,0,16,5,0
0,0,0,0,0,0,0,0,2,0,0,0,0,0,0,0,0,0,0,0,0,0,0,0,0,0
