0,22,0,0,0,0,14,0,0,0,1,0,0,0,6,12,0,0,0,6,0,0,6,0,0,0
0,38,2,0,3,2,4,7,0,0,5,0,0,0,7,3,2,0,1,10,0,0,4,0,2,0
0,1,1,0,37,33,0,0,0,0,19,0,0,0,0,0,0,0,0,0,0,0,45,0,1,0
0,17,0,0,3,6,7,2,1,0,3,0,0,0,0,0,0,0,2,10,0,0,1,0,3,0
0,0,0,0,0,0,1,1,1,0,0,0,0,0,5,0,0,0,0,0,0,0,0,0,0,0
0,8,336,0,0,0,1,189,0,0,0,0,0,0,0,0,106,0,9,0,0,0,5,0,7,0
0,1,0,0,0,0,0,0,0,0,0,0,0,0,0,0,0,0,0,0,0,0,0,0,0,0
0,4,0,0,0,0,1,1,0,0,0,0,0,0,0,0,0,0,1,0,0,0,0,0,0,0
0,0,0,0,0,0,0,0,0,0,0,0,0,0,0,0,0,0,0,0,0,0,0,0,0,0
0,0,0,0,0,0,0,0,0,0,0,0,0,0,0,0,0,0,0,0,0,0,0,0,0,0
0,0,0,0,0,0,0,0,0,0,0,0,0,0,0,0,0,0,0,0,0,0,0,0,0,0
0,0,0,0,0,0,0,0,0,0,2,0,0,0,0,0,0,0,0,0,0,0,0,0,1,0
0,0,0,0,0,0,0,0,0,0,0,0,0,0,0,0,0,0,0,0,0,0,0,0,0,0
