9,0,10,0,0,0,0,0,2,6,0,2,0,2,0,9,25,22,0,0,0,2,0,0,0,0
12,1,10,0,0,0,5,2,4,11,23,32,0,6,5,13,10,10,0,0,4,19,3,14,2,1
0,4,0,0,0,0,112,0,0,2,328,13,0,0,70,49,0,0,0,0,0,4,0,171,159,1
4,0,2,0,0,0,13,0,0,1,12,4,0,0,0,0,0,2,0,0,0,5,0,0,0,0
0,0,0,0,0,0,0,0,2,2,0,2,0,2,1,2,0,0,0,0,0,0,0,0,0,0
0,0,0,0,0,0,0,0,3,2,1,17,0,0,0,0,0,10,0,0,1,6,10,0,0,0
0,0,0,0,0,0,0,5,0,0,0,6,0,4,5,0,0,0,0,0,5,1,0,0,0,0
0,0,0,0,0,0,0,0,0,0,0,0,0,0,0,0,0,0,0,0,0,1,0,0,0,0
0,0,0,0,0,0,0,0,0,0,0,0,0,0,0,0,0,0,0,0,0,0,0,0,0,0
0,0,0,0,0,0,0,0,0,0,1,0,0,0,0,0,0,0,0,0,0,0,0,0,0,0
0,0,0,0,0,0,0,0,0,0,0,0,0,0,0,0,0,0,0,0,0,0,0,0,0,0
0,0,0,0,0,0,0,0,0,0,0,6,0,0,0,0,0,0,0,0,0,0,0,0,0,1
0,0,0,0,0,0,0,0,0,0,0,0,0,0,0,0,0,0,0,0,0,0,0,0,0,0
