0,0,0,0,15,0,0,1,0,0,11,6,0,0,0,0,0,0,0,0,2,9,0,0,2,2
0,0,0,0,4,0,0,16,1,0,8,32,0,0,0,0,0,0,0,1,0,8,0,2,0,7
0,0,0,0,0,0,0,22,1,0,0,43,0,0,0,0,0,0,0,0,0,6,0,1,0,32
0,0,0,0,0,0,0,10,3,0,12,6,0,0,6,0,0,0,0,1,4,8,0,0,6,11
0,0,0,0,0,0,0,0,2,0,2,1,0,0,2,0,0,0,0,0,5,0,0,0,2,7
0,0,0,0,0,0,0,1,0,0,0,0,0,0,0,0,0,0,0,10,11,0,0,0,4,7
0,0,0,0,0,0,0,0,0,0,0,0,0,0,0,0,0,0,0,0,0,0,0,2,0,0
0,0,0,0,0,0,0,0,0,0,0,0,0,0,0,0,0,0,0,0,0,0,0,0,0,1
0,0,0,0,0,0,0,0,0,0,0,0,0,0,0,0,0,0,0,0,0,0,0,0,0,0
0,0,0,0,0,0,0,0,0,0,0,0,0,0,0,0,0,0,0,0,0,0,0,0,0,0
0,0,0,0,0,0,0,0,0,0,0,0,0,0,0,0,0,0,0,0,0,1,0,0,1,0
0,0,0,0,0,0,0,0,0,0,0,6,0,0,0,0,0,0,0,0,0,0,0,0,0,5
0,0,0,0,0,0,0,0,0,0,0,0,0,0,0,0,0,0,0,0,0,0,0,0,0,0
