0,2,0,0,15,0,0,0,0,0,0,5,0,0,0,0,0,0,9,0,0,0,0,0,0,12
0,8,6,0,11,0,7,4,1,7,0,5,4,0,3,0,0,0,5,4,1,12,0,0,1,12
0,0,0,0,0,0,167,0,260,5,0,0,0,0,0,0,0,0,2,0,0,63,0,0,2,106
0,17,0,2,0,0,10,5,2,2,0,0,0,0,0,1,0,0,6,0,1,2,0,0,2,7
0,7,0,0,0,0,11,1,1,1,0,0,0,0,0,0,0,0,5,0,0,0,0,0,1,1
0,11,0,0,0,0,0,0,0,0,0,1,0,0,0,0,0,0,2,0,0,0,0,0,0,5
0,0,0,0,2,0,0,0,0,0,0,0,0,0,0,0,0,0,0,0,4,0,0,0,0,0
0,3,0,0,1,0,0,1,1,0,0,0,0,0,0,0,0,0,0,2,0,0,0,0,0,0
0,0,0,0,0,0,0,0,0,0,0,0,0,0,0,0,0,0,0,0,0,0,0,0,0,0
0,0,0,0,0,0,0,0,0,0,0,0,0,0,0,0,0,0,0,0,0,0,0,0,0,0
0,0,0,0,0,0,0,0,0,0,0,0,0,0,0,0,0,0,0,0,0,0,0,0,0,0
0,0,0,0,0,0,0,0,0,9,0,0,0,0,0,0,0,0,3,0,0,0,0,0,2,0
0,0,0,0,0,0,0,1,0,0,0,0,0,0,0,0,0,0,0,0,0,0,0,0,0,0
