5,34,0,0,16,0,0,0,0,0,0,0,0,0,0,12,2,0,0,0,0,0,8,0,2,0
3,29,0,4,2,12,11,6,10,20,11,2,3,11,2,10,6,1,4,0,0,4,6,1,10,0
0,10,1,2,0,119,9,2,3,119,2,0,0,3,0,1,4,0,0,0,1,0,0,1,1,0
2,10,0,0,1,18,0,6,3,5,0,0,5,0,0,2,2,0,0,0,3,2,2,0,5,1
0,4,0,0,5,0,0,1,5,3,1,0,2,0,0,4,0,0,0,0,1,0,0,0,1,1
2,7,0,1,0,1,0,1,9,121,22,0,0,0,0,278,0,0,40,0,0,16,6,0,1,106
0,9,0,0,4,3,6,0,8,3,0,0,7,0,0,0,2,0,0,0,0,0,1,0,0,0
1,0,0,0,0,0,0,0,0,0,0,0,0,0,0,0,0,0,0,0,0,0,0,0,0,0
0,0,0,0,0,0,0,0,0,0,0,0,0,0,0,0,0,0,0,0,0,0,0,0,0,0
0,0,0,0,0,0,0,0,0,0,0,0,0,0,0,0,0,0,0,0,0,0,0,0,0,0
0,0,0,0,0,0,0,0,0,0,0,0,0,0,0,0,0,0,0,0,0,0,0,0,0,0
0,1,0,0,0,0,3,0,5,8,0,0,0,0,0,0,0,0,0,0,1,0,0,3,2,0
0,0,0,0,2,1,2,1,2,1,0,0,1,0,0,0,0,0,0,0,0,0,0,0,0,0
