0,7,0,0,0,0,9,0,0,0,0,0,0,0,0,5,0,1,0,0,0,8,2,0,2,9
0,3,0,0,0,0,6,0,1,1,5,4,0,0,0,3,0,15,0,0,0,2,2,3,4,11
0,0,0,0,0,0,0,0,0,2,16,4,0,0,0,0,0,0,0,0,0,0,1,0,0,16
0,6,0,0,0,0,0,0,0,0,9,0,0,0,0,0,0,7,0,0,0,3,0,0,3,10
0,3,0,0,0,0,0,0,0,0,1,0,0,0,0,0,0,0,0,0,0,1,0,0,0,4
0,0,0,0,0,0,0,0,0,0,1,0,0,0,0,2,0,18,0,0,0,0,2,3,0,1
0,0,0,0,0,0,0,0,1,0,2,0,0,0,0,0,0,0,0,0,0,0,0,0,0,0
0,0,0,0,0,0,0,0,0,0,0,0,0,0,0,0,0,0,0,0,0,0,0,0,0,0
0,0,0,0,0,0,0,0,0,0,0,0,0,0,0,0,0,0,0,0,0,0,0,0,0,0
0,0,0,0,0,0,0,0,0,0,0,0,0,0,0,0,0,0,0,0,0,0,0,0,0,0
0,0,0,0,0,0,0,0,0,0,0,0,0,0,0,0,0,0,0,0,0,0,0,0,0,0
0,0,0,0,0,0,0,0,0,0,1,4,0,0,0,0,0,0,0,0,0,0,0,0,0,0
0,0,0,0,0,0,0,0,0,0,0,0,0,0,0,0,0,0,0,0,0,0,0,0,0,0
