18,14,0,4,0,0,5,2,4,3,0,0,0,0,4,11,27,2,2,0,0,14,4,0,0,0
1,10,0,3,0,0,23,8,4,11,0,5,0,0,8,7,22,8,2,6,5,7,1,1,25,5
0,1,0,1,0,0,50,97,1,44,0,19,0,0,0,0,9,10,2,100,185,0,0,1,15,9
0,8,0,3,0,0,21,4,1,5,0,1,0,0,7,7,13,12,4,1,3,0,0,0,3,0
0,10,0,4,0,0,1,1,2,0,0,0,0,0,0,9,0,4,0,0,0,0,0,0,0,0
0,10,0,4,0,0,3,2,0,1,0,0,0,0,14,0,271,3,0,37,20,7,3,0,0,0
0,0,0,0,0,0,4,0,11,0,0,0,0,0,15,0,2,5,0,0,5,0,0,0,1,0
0,1,0,0,0,0,0,0,0,0,0,0,0,0,0,0,2,2,0,1,0,0,1,0,0,0
0,0,0,0,0,0,0,0,0,0,0,0,0,0,0,0,0,0,0,0,0,0,0,0,0,0
0,0,0,0,0,0,0,0,0,0,0,0,0,0,0,0,0,0,0,0,0,0,0,0,0,0
3,0,0,0,0,0,0,0,0,2,0,0,0,0,0,0,0,0,0,0,0,0,0,0,1,0
0,0,0,0,0,0,0,0,0,5,0,0,0,0,0,0,0,0,0,0,0,0,0,0,3,0
0,0,0,0,0,0,0,0,0,0,0,0,0,0,0,1,0,0,0,0,0,0,0,0,0,0
