0,25,2,0,0,3,0,12,2,0,7,0,3,0,0,2,0,6,0,0,0,0,0,2,18,1
0,10,4,5,0,5,0,5,1,0,2,0,2,0,0,1,0,0,2,1,2,0,1,4,4,2
0,0,2,87,0,100,0,1,0,0,8,0,0,0,0,0,0,0,0,47,189,0,0,0,2,2
0,9,0,9,0,9,0,7,4,1,6,0,4,10,4,4,0,2,2,1,1,0,1,4,7,11
0,11,0,1,0,5,0,1,4,1,7,0,4,4,0,1,0,1,0,0,0,0,0,0,7,3
0,2,4,6,0,1,0,0,0,0,0,0,462,205,0,2,0,0,6,0,0,0,6,0,2,0
0,0,0,0,0,0,0,1,0,0,0,0,1,0,0,0,0,0,0,0,2,0,0,12,5,0
0,0,0,1,0,0,0,0,0,0,1,0,1,0,0,0,0,1,0,0,1,0,0,0,0,0
0,0,0,0,0,0,0,0,0,0,0,0,0,0,0,0,0,0,0,0,0,0,0,0,0,0
0,0,0,0,0,0,0,0,0,0,0,0,0,0,0,0,0,0,0,0,0,0,0,0,0,0
0,0,0,0,0,0,0,0,0,0,0,0,0,0,0,0,0,0,0,0,0,0,0,0,0,0
0,0,0,0,0,1,0,0,0,0,7,0,0,0,0,0,0,0,0,0,0,0,0,0,2,0
0,0,0,0,0,0,0,0,1,0,0,0,0,0,0,0,0,0,0,0,0,0,0,0,0,0
