0,9,0,0,0,0,16,0,5,0,0,0,0,2,0,6,0,0,0,0,0,0,2,0,0,0
0,0,0,0,0,0,6,0,2,9,3,0,0,14,0,2,0,0,0,0,0,0,1,0,0,2
0,0,0,0,0,0,0,0,0,42,12,0,0,0,0,0,0,0,0,0,0,0,0,0,0,2
0,1,0,0,0,0,2,2,0,0,0,0,0,5,0,0,0,0,0,0,0,0,0,0,0,0
0,1,0,0,0,0,0,1,1,0,0,0,0,1,0,0,0,0,0,0,0,0,0,0,0,0
0,0,0,0,0,0,0,0,0,0,0,0,0,0,0,0,0,0,0,0,0,0,3,0,0,0
0,0,0,0,0,0,0,0,0,0,0,0,0,0,0,0,0,0,0,0,0,0,0,0,0,0
0,0,0,0,0,0,0,0,0,0,0,0,0,0,0,0,0,0,0,0,0,0,0,0,0,0
0,0,0,0,0,0,0,0,0,0,0,0,0,0,0,0,0,0,0,0,0,0,0,0,0,0
0,0,0,0,0,0,0,0,0,0,0,0,0,0,0,0,0,0,0,0,0,0,0,0,0,0
0,0,0,0,0,0,0,0,0,0,0,0,0,0,0,0,0,0,0,0,0,0,0,0,0,0
0,0,0,0,0,0,0,0,0,0,5,0,0,0,0,0,0,0,0,0,0,0,0,0,0,2
0,0,0,0,0,0,0,0,0,0,0,0,0,0,0,0,0,0,0,0,0,0,0,0,0,0
