0,0,0,0,15,0,0,9,0,0,0,4,3,0,3,0,7,0,9,0,0,0,0,0,0,9
0,0,1,3,3,0,0,8,2,8,7,1,0,4,18,0,5,0,3,0,0,4,0,3,2,2
0,0,0,11,0,0,0,0,62,39,4,0,0,2,0,0,0,0,0,0,0,6,0,142,2,0
0,0,0,0,7,0,2,3,0,0,0,2,1,1,2,0,5,0,2,0,0,0,0,0,0,0
0,0,0,0,3,0,0,0,1,0,0,2,1,1,5,0,6,0,1,0,0,0,0,1,0,0
0,0,3,8,0,0,0,0,0,10,169,0,0,203,0,0,0,0,0,0,0,0,0,2,0,4
0,0,0,0,0,0,0,0,0,0,0,0,0,0,0,0,1,0,1,0,0,0,0,0,0,0
0,0,0,0,0,0,0,0,0,0,0,0,0,0,0,0,0,0,0,0,0,0,0,0,0,0
0,0,0,0,0,0,0,0,0,0,0,0,0,0,0,0,0,0,0,0,0,0,0,0,0,0
0,0,0,0,0,0,0,0,0,0,0,0,0,0,0,0,0,0,0,0,0,0,0,0,0,0
0,0,0,0,0,0,0,0,0,0,0,0,0,0,0,0,0,0,0,0,0,0,0,0,0,0
0,0,0,0,0,0,0,0,0,0,4,0,0,0,0,0,0,0,0,0,0,0,0,0,3,0
0,0,0,0,0,0,0,0,0,0,0,0,0,0,0,0,0,0,0,0,0,0,0,0,0,0
