4,5,2,15,4,0,0,0,0,0,1,1,0,0,0,11,2,0,0,9,0,0,0,0,2,0
7,12,5,13,1,6,2,10,1,2,8,3,10,4,0,3,0,3,34,13,1,0,7,0,9,7
0,48,29,15,0,49,24,34,0,2,28,20,44,0,0,0,0,15,2,1,4,0,0,0,36,25
0,6,3,10,0,1,0,0,0,0,1,0,0,0,0,0,0,0,0,5,0,0,2,0,0,0
0,0,0,6,0,0,0,2,1,1,1,0,1,1,0,0,0,0,0,0,0,0,0,0,0,1
0,6,0,15,0,114,0,6,0,0,0,12,88,11,0,2,0,5,0,33,0,0,11,0,1,3
0,0,0,0,0,0,0,0,0,0,0,0,0,0,0,0,0,0,0,10,0,0,0,0,1,0
0,0,2,0,0,0,0,1,0,0,0,0,0,0,0,0,0,0,0,0,0,0,0,0,1,1
0,0,0,0,0,0,0,0,0,0,0,0,0,0,0,0,0,0,0,0,0,0,0,0,0,0
0,0,0,0,0,0,0,0,0,0,0,0,0,0,0,0,0,0,0,0,0,0,0,0,0,0
0,0,0,0,0,0,0,0,0,0,0,0,0,0,0,0,0,0,0,0,0,0,0,0,0,0
0,0,2,1,0,0,0,1,0,0,5,0,0,0,0,0,0,0,0,0,0,0,0,0,2,0
0,0,0,0,0,1,0,3,0,0,0,1,0,0,0,0,0,0,0,0,0,0,0,0,0,0
