0,11,0,0,0,0,9,0,0,0,0,0,0,6,0,11,0,0,0,0,0,0,0,0,0,0
1,15,0,13,22,0,3,6,3,0,3,0,1,6,0,2,0,0,0,0,6,18,2,1,1,4
0,0,0,5,145,0,0,7,24,0,5,0,0,0,0,0,0,0,0,0,0,26,0,1,1,2
8,0,0,2,14,0,0,4,0,0,0,0,0,6,0,0,0,0,0,0,0,0,0,0,0,0
0,0,0,0,2,0,0,2,0,0,0,0,1,2,0,0,0,0,0,0,1,0,0,0,0,0
0,0,0,0,13,0,0,0,0,0,0,0,0,0,0,0,0,0,0,0,0,0,4,0,0,0
0,0,0,0,0,0,1,0,0,0,0,0,0,2,0,0,0,0,0,0,4,0,0,0,0,0
0,0,0,0,0,0,0,0,0,0,0,0,0,0,0,0,0,0,0,0,0,0,0,0,0,0
0,0,0,0,0,0,0,0,0,0,0,0,0,0,0,0,0,0,0,0,0,0,0,0,0,0
0,0,0,0,0,0,0,0,0,0,0,0,0,0,0,0,0,0,0,0,0,0,0,0,0,0
0,0,0,0,0,0,0,0,0,0,0,0,0,0,0,0,0,0,0,0,0,0,0,0,0,0
0,0,0,0,4,0,0,1,0,0,2,0,0,0,0,0,0,0,0,0,0,0,0,0,1,2
0,0,0,0,1,0,0,0,0,0,0,0,0,0,0,0,0,0,0,0,0,0,0,0,0,0
