0,0,0,0,4,0,2,0,0,0,0,0,0,0,0,0,0,0,0,0,8,0,0,0,0,0
0,0,12,0,6,0,2,5,0,0,18,13,0,2,10,0,0,0,8,0,5,7,6,1,9,4
0,0,1,0,0,0,0,4,0,0,155,128,0,0,0,0,0,0,0,0,0,22,8,153,134,31
0,0,1,0,0,0,3,2,5,0,1,0,0,1,0,0,0,0,0,0,0,0,2,0,1,0
0,0,0,0,0,0,0,2,2,0,0,0,0,1,0,0,0,0,0,0,0,0,0,0,0,0
0,0,8,0,0,0,0,16,0,0,2,0,0,7,6,0,0,0,25,0,7,0,0,0,0,0
0,0,0,0,0,0,1,0,0,0,0,0,0,0,0,0,0,0,0,0,0,0,0,0,0,0
0,0,0,0,0,0,0,0,0,0,0,0,0,0,0,0,0,0,0,0,0,0,0,0,0,0
0,0,0,0,0,0,0,0,0,0,0,0,0,0,0,0,0,0,0,0,0,0,0,0,0,0
0,0,0,0,0,0,0,0,0,0,0,0,0,0,0,0,0,0,0,0,0,0,0,0,0,0
0,0,0,0,0,0,0,0,0,0,0,0,0,0,0,0,0,0,0,0,0,0,0,0,0,0
0,0,0,0,0,0,0,0,0,0,2,0,0,0,0,0,0,0,0,0,0,0,0,0,3,1
0,0,0,0,0,0,0,0,0,0,0,0,0,0,0,0,0,0,0,0,0,0,0,0,0,0
