0,22,0,0,0,0,0,0,0,0,0,0,0,1,0,14,0,0,0,0,0,0,8,0,0,0
1,10,0,3,0,0,7,5,5,3,1,0,0,0,0,7,0,0,0,0,0,0,5,2,9,1
1,1,0,2,0,0,21,5,8,35,3,0,0,0,0,1,0,0,0,0,0,0,0,0,41,1
0,2,0,1,0,0,3,0,0,0,0,0,0,6,0,3,0,0,0,0,0,0,4,0,0,0
0,0,0,0,0,0,0,1,1,0,0,0,0,5,0,0,0,0,0,0,0,0,0,0,0,0
0,4,0,2,0,0,20,0,2,0,0,0,0,249,0,0,0,0,0,0,0,0,10,5,0,0
0,0,0,0,0,0,1,0,0,0,0,0,0,0,0,0,0,0,0,0,0,0,0,0,0,0
0,0,0,0,0,0,0,0,1,0,0,0,0,0,0,0,0,0,0,0,0,0,0,0,0,0
0,0,0,0,0,0,0,0,0,0,0,0,0,0,0,0,0,0,0,0,0,0,0,0,0,0
0,0,0,0,0,0,0,0,0,0,0,0,0,0,0,0,0,0,0,0,0,0,0,0,0,0
0,0,0,0,0,0,0,0,0,0,0,0,0,0,0,0,0,0,0,0,0,0,0,0,0,0
0,0,0,0,0,0,0,0,0,0,6,0,0,0,0,0,0,0,0,0,0,0,0,0,1,2
0,0,0,0,0,0,0,0,0,0,0,0,0,0,0,0,0,0,0,0,0,0,0,0,0,0
