2,0,0,0,0,0,0,0,0,0,11,0,0,0,0,0,13,6,0,0,0,0,0,0,0,0
1,2,0,0,0,0,0,1,3,1,7,0,0,0,2,4,9,7,0,0,0,4,0,4,8,0
2,0,0,0,0,0,0,0,0,100,11,0,0,0,0,8,0,3,0,0,0,0,0,2,110,0
8,4,0,0,0,0,0,0,0,4,9,1,0,0,4,7,7,5,0,0,3,1,2,2,7,0
11,0,0,0,0,0,0,0,1,0,0,0,0,0,1,0,0,1,0,0,0,0,0,0,1,0
0,0,0,0,0,0,0,0,0,0,0,0,0,0,0,4,1,23,0,0,0,0,0,0,1,0
7,0,0,0,0,0,0,4,2,0,1,0,0,0,0,0,3,1,0,0,0,15,0,10,0,0
2,0,0,0,0,0,0,0,0,0,0,0,0,0,0,0,0,0,0,0,0,0,0,0,0,0
0,0,0,0,0,0,0,0,0,0,0,0,0,0,0,0,0,0,0,0,0,0,0,0,0,0
0,0,0,0,0,0,0,0,0,0,0,0,0,0,0,0,0,0,0,0,0,0,0,0,0,0
0,0,0,0,0,0,0,0,0,0,0,0,0,0,0,0,0,0,0,0,0,0,0,0,0,0
3,0,0,0,0,0,0,0,0,0,0,1,0,0,0,0,0,0,0,0,0,0,0,0,1,0
0,0,0,0,0,0,0,0,1,0,0,0,0,0,1,0,0,0,0,0,0,0,0,0,0,0
