2,23,0,0,5,0,0,0,0,0,0,0,0,0,0,5,0,1,0,0,0,0,6,0,5,0
1,2,0,0,1,4,0,0,3,0,5,0,0,3,3,1,0,1,0,0,5,0,10,0,3,2
0,0,0,0,0,141,0,0,0,0,3,0,0,0,0,0,0,1,0,0,24,0,40,0,3,0
0,7,0,0,3,12,0,0,0,0,0,0,0,0,0,0,0,0,0,0,0,0,0,0,1,0
0,6,0,0,21,0,0,0,2,0,0,0,0,1,0,0,0,0,0,0,0,0,0,0,5,0
0,0,0,0,272,0,0,0,0,0,0,0,0,123,0,0,0,0,0,0,55,0,18,0,0,41
0,0,0,0,0,0,0,0,1,0,0,0,0,0,0,0,0,0,0,0,0,0,0,0,0,0
0,0,0,0,0,0,0,0,0,0,0,0,0,0,0,0,0,0,0,0,0,0,0,0,0,0
0,0,0,0,0,0,0,0,0,0,0,0,0,0,0,0,0,0,0,0,0,0,0,0,0,0
0,0,0,0,0,0,0,0,0,0,0,0,0,0,0,0,0,0,0,0,0,0,0,0,0,0
0,0,0,0,0,0,0,0,0,0,0,0,0,0,0,0,0,0,0,0,0,0,0,0,0,0
0,0,0,0,0,0,0,0,0,0,3,0,0,0,0,0,0,0,0,0,0,0,0,0,1,0
0,0,0,0,0,0,0,0,0,0,0,0,0,0,0,0,0,0,0,0,0,0,0,0,0,0
