0,16,0,5,0,0,3,0,0,0,0,0,0,7,0,7,0,0,0,0,0,0,10,0,0,1
0,11,0,5,0,0,1,8,0,7,0,0,0,7,0,2,1,0,0,0,5,2,11,0,3,10
0,0,0,0,0,0,0,1,0,23,0,0,0,0,0,0,0,0,0,0,1,0,3,0,9,29
0,7,0,0,0,0,0,0,0,0,0,0,0,0,0,0,0,0,0,0,0,0,0,0,0,0
0,6,0,15,0,0,0,0,0,0,0,0,0,3,0,0,0,0,0,0,0,0,1,0,0,1
0,0,0,0,0,0,0,0,0,0,0,0,0,6,0,0,6,0,0,0,0,52,200,0,0,4
0,0,0,0,0,0,0,2,0,0,0,0,0,0,0,0,0,0,0,0,0,0,0,0,0,0
0,4,0,0,0,0,0,0,0,0,0,0,0,0,0,0,0,0,0,0,0,0,0,0,0,0
0,0,0,0,0,0,0,0,0,0,0,0,0,0,0,0,0,0,0,0,0,0,0,0,0,0
0,0,0,0,0,0,0,0,0,0,0,0,0,0,0,0,0,0,0,0,0,0,0,0,0,0
0,0,0,0,0,0,0,0,0,0,0,0,0,0,0,0,0,0,0,0,0,0,0,0,0,0
0,0,0,0,0,0,0,0,0,7,0,0,0,0,0,0,0,0,0,0,0,0,1,0,0,3
0,0,0,0,0,0,0,0,0,0,0,0,0,1,0,0,0,0,0,0,0,0,0,0,0,0
