0,14,15,0,0,0,0,0,0,5,0,0,0,0,0,0,12,5,0,0,0,0,0,0,0,0
0,6,16,0,0,0,0,6,0,20,1,1,0,3,1,0,9,13,0,0,0,6,0,0,7,2
0,1,13,0,0,0,0,0,0,75,0,0,0,4,0,0,0,0,0,0,0,0,0,0,48,2
0,2,18,0,0,0,0,2,0,3,0,3,0,0,4,0,3,5,0,0,0,0,0,0,7,0
0,0,3,0,0,0,0,1,0,0,0,0,0,1,3,0,1,2,0,0,0,0,0,0,3,0
0,2,15,0,0,0,0,2,0,0,0,3,0,0,0,0,39,5,0,0,0,0,0,0,16,0
0,0,1,0,0,0,0,0,0,1,0,0,0,0,0,0,0,0,0,0,0,0,0,0,0,0
0,0,1,0,0,0,0,1,0,0,0,0,0,0,0,0,0,0,0,0,0,1,0,0,1,0
0,0,0,0,0,0,0,0,0,0,0,0,0,0,0,0,0,0,0,0,0,0,0,0,0,0
0,0,0,0,0,0,0,0,0,0,0,0,0,0,0,0,0,0,0,0,0,0,0,0,0,0
0,0,0,0,0,0,0,0,0,0,0,0,0,0,0,0,0,0,0,0,0,0,0,0,0,0
0,0,0,0,0,0,0,0,0,6,0,0,0,0,0,0,0,0,0,0,0,0,0,0,0,2
0,0,0,0,0,0,0,0,0,0,0,0,0,0,1,0,0,0,0,0,0,0,0,0,0,0
