0,0,11,2,0,0,0,0,15,1,0,0,0,0,0,5,8,6,0,0,0,0,4,9,0,0
0,0,0,2,0,0,0,0,15,7,1,3,0,0,0,2,6,6,0,0,0,2,8,14,0,0
0,0,0,0,0,0,0,0,30,1,1,3,0,0,0,0,0,2,0,0,0,1,0,1,0,0
0,0,1,1,0,0,0,0,17,10,0,1,0,0,0,2,4,11,0,0,0,1,9,15,6,0
0,0,2,1,0,0,0,0,4,5,0,0,0,0,0,3,7,1,0,0,0,0,2,2,0,0
0,0,0,0,0,0,0,0,0,25,0,0,0,0,0,0,2,2,0,0,0,90,0,16,0,0
0,0,0,0,0,0,0,0,0,0,0,0,0,0,0,0,1,0,0,0,0,0,0,0,0,0
0,0,0,0,0,0,0,0,0,0,0,0,0,0,0,0,0,0,0,0,0,0,0,0,0,0
0,0,0,0,0,0,0,0,0,0,0,0,0,0,0,0,0,0,0,0,0,0,0,0,0,0
0,0,0,0,0,0,0,0,0,0,0,0,0,0,0,0,0,0,0,0,0,0,0,0,0,0
0,0,0,0,0,0,0,0,0,0,0,0,0,0,0,0,0,0,0,0,0,0,0,0,0,0
0,0,0,0,0,0,0,0,0,0,2,6,0,0,0,0,0,0,0,0,0,0,0,0,0,0
0,0,0,0,0,0,0,0,0,0,0,0,0,0,0,0,1,0,0,0,0,0,0,0,0,0
