0,31,0,0,0,1,0,0,7,0,0,0,0,9,4,46,23,0,0,0,2,2,8,0,18,0
0,12,6,0,0,3,0,0,23,1,0,0,6,37,3,5,20,0,0,0,6,7,16,1,6,3
0,5,0,0,0,0,0,0,195,3,0,0,18,0,1,24,1,0,0,0,1,0,39,6,1,6
3,2,0,0,0,0,0,0,8,0,0,1,5,8,0,2,11,0,2,0,0,0,6,0,4,9
0,0,0,0,0,0,0,0,7,0,0,0,2,6,0,2,4,0,2,0,0,2,0,0,3,2
0,0,0,0,0,15,0,0,0,0,0,0,55,1,0,0,11,0,3,0,6,2,20,0,0,0
0,0,0,0,0,0,0,2,8,0,0,0,0,8,0,0,10,0,0,0,1,9,2,0,1,0
0,0,0,0,0,0,0,0,1,0,0,0,0,0,0,0,0,0,0,0,0,0,0,0,0,2
0,0,0,0,0,0,0,0,0,0,0,0,0,0,0,0,0,0,0,0,0,0,0,0,0,0
0,0,0,0,0,0,0,0,0,0,0,0,0,0,0,0,0,0,0,0,0,0,0,0,0,0
0,0,0,0,0,0,0,0,0,0,0,0,0,0,0,0,0,0,0,0,0,0,0,0,0,0
0,0,0,0,0,0,0,0,0,0,0,0,5,0,0,0,0,0,0,0,0,0,0,0,0,9
0,0,0,0,0,0,0,0,1,0,0,0,0,1,0,0,0,0,0,0,0,1,0,0,0,0
