0,13,0,0,0,0,5,0,9,0,0,0,0,1,5,9,0,0,0,0,0,0,4,0,0,0
1,8,0,0,0,0,3,9,17,9,12,12,0,16,27,4,5,0,0,0,0,8,10,1,0,7
0,0,0,0,0,0,0,3,31,14,3,61,0,0,0,0,0,0,0,0,0,0,1,0,0,3
0,1,0,0,0,0,0,3,1,0,0,0,0,0,3,1,0,0,0,0,0,1,0,3,0,2
0,0,0,0,0,0,0,2,2,0,0,0,0,1,1,0,0,0,0,0,0,0,0,0,0,0
3,0,0,0,0,0,4,0,0,5,0,0,0,8,21,4,0,0,0,0,0,0,6,4,0,0
0,2,0,0,0,0,0,0,0,0,0,0,0,0,0,0,0,0,0,0,0,0,0,0,0,0
0,0,0,0,0,0,0,0,0,0,0,0,0,0,0,1,0,0,0,0,0,0,0,0,0,0
0,0,0,0,0,0,0,0,0,0,0,0,0,0,0,0,0,0,0,0,0,0,0,0,0,0
0,0,0,0,0,0,0,0,0,0,0,0,0,0,0,0,0,0,0,0,0,0,0,0,0,0
0,0,0,0,0,0,0,0,0,0,0,0,0,0,0,0,0,0,0,0,0,0,0,0,0,0
0,0,0,0,0,0,0,0,0,0,5,0,0,0,0,0,0,0,0,0,0,0,0,0,0,2
0,0,0,0,0,0,0,1,1,0,0,0,0,0,0,0,0,0,0,0,0,0,0,0,0,0
