3,11,2,0,0,0,0,7,0,0,2,0,0,0,2,4,0,0,0,0,4,0,11,0,2,2
6,8,0,0,0,1,14,10,2,4,4,6,4,7,21,3,0,1,0,0,7,3,14,0,8,2
2,0,0,0,0,5,349,1,0,15,4,3,0,2,0,0,0,0,0,0,59,0,1,0,10,0
0,4,0,0,0,0,11,8,0,0,5,2,4,0,0,0,0,0,0,0,4,0,3,0,0,2
0,0,0,0,0,0,0,12,2,0,2,1,3,0,0,0,0,1,0,0,0,0,1,0,1,5
16,2,0,0,0,0,0,29,0,0,0,0,11,13,31,0,0,0,0,0,0,9,13,0,0,0
0,0,0,0,0,0,8,1,0,0,0,0,3,3,0,0,0,0,0,0,3,0,0,0,0,0
1,0,0,0,0,0,1,1,0,0,1,0,0,0,0,0,0,0,0,0,0,0,0,0,1,0
0,0,0,0,0,0,0,0,0,0,0,0,0,0,0,0,0,0,0,0,0,0,0,0,0,0
0,0,0,0,0,0,0,0,0,0,0,0,0,0,0,0,0,0,0,0,0,0,0,0,0,0
0,0,0,0,0,0,0,0,0,2,0,0,0,0,0,0,0,0,0,0,0,0,0,0,0,0
0,0,0,0,0,0,1,0,0,0,2,6,0,0,0,0,0,0,0,0,0,0,0,0,4,0
0,0,0,0,0,0,0,0,0,0,0,1,0,0,0,0,0,0,0,0,0,0,0,0,0,0
