0,1,0,0,0,0,0,0,0,0,0,0,0,0,0,14,0,0,0,0,3,0,4,0,0,0
0,6,0,4,0,2,0,1,8,3,2,0,2,6,8,5,0,0,0,0,12,0,2,0,4,0
0,0,0,0,0,0,0,0,4,2,2,0,2,24,0,0,0,0,0,0,0,0,0,0,4,0
0,0,0,2,0,1,0,0,2,3,0,0,0,0,0,1,0,0,0,0,7,0,0,0,0,0
0,0,0,0,0,0,0,0,2,0,0,0,0,1,2,1,0,0,0,0,1,0,0,0,0,0
0,0,0,0,0,0,0,0,5,0,0,0,0,51,8,0,0,0,0,0,0,0,1,0,0,0
0,2,0,0,0,0,0,2,5,3,0,0,0,0,0,0,0,0,0,0,12,0,0,0,0,0
0,0,0,0,0,0,0,0,0,0,0,0,0,0,0,0,0,0,0,0,0,0,0,0,0,0
0,0,0,0,0,0,0,0,0,0,0,0,0,0,0,0,0,0,0,0,0,0,0,0,0,0
0,0,0,0,0,0,0,0,0,0,0,0,0,0,0,0,0,0,0,0,0,0,0,0,0,0
0,0,0,0,0,0,0,0,0,0,0,0,0,0,0,0,0,0,0,0,0,0,0,0,0,0
0,0,0,0,0,0,0,0,0,0,8,0,0,0,0,0,0,0,0,0,0,0,0,0,3,0
0,0,0,0,0,0,0,0,1,0,0,0,0,0,0,0,0,0,0,0,0,0,0,0,0,0
