0,8,0,0,0,0,0,0,0,0,0,0,0,0,0,14,0,0,0,4,0,0,9,0,0,0
0,6,2,2,9,1,0,1,0,1,8,0,0,1,0,3,4,0,1,4,0,0,3,0,2,0
0,0,0,0,165,1,0,0,0,2,2,0,0,0,0,0,0,0,0,0,0,0,0,0,2,0
0,0,0,2,6,5,0,0,0,0,0,0,0,0,0,0,2,0,3,2,0,0,0,0,0,0
0,0,0,0,0,0,0,1,0,0,1,0,0,1,0,0,2,0,0,0,0,0,0,0,0,0
0,3,187,62,2,0,0,0,0,0,39,0,0,0,0,0,0,0,0,0,0,0,6,0,0,0
0,0,0,0,0,0,0,0,0,0,0,0,0,0,0,0,0,0,1,0,0,0,0,0,0,0
0,0,0,3,1,1,0,0,0,0,0,0,0,0,0,0,0,0,1,0,0,0,0,0,0,0
0,0,0,0,0,0,0,0,0,0,0,0,0,0,0,0,0,0,0,0,0,0,0,0,0,0
0,0,0,0,0,0,0,0,0,0,0,0,0,0,0,0,0,0,0,0,0,0,0,0,0,0
0,0,0,0,0,0,0,0,0,0,0,0,0,0,0,0,0,0,0,0,0,0,0,0,0,0
0,0,0,0,0,3,0,0,0,0,1,0,0,0,0,0,0,0,0,0,0,0,0,0,2,0
0,0,0,0,0,0,0,0,0,0,0,0,0,0,0,0,0,0,0,0,0,0,0,0,0,0
