0,0,0,0,14,0,0,0,0,0,1,4,5,9,0,0,0,0,14,0,5,0,0,0,5,5
0,0,0,0,12,0,7,1,3,2,10,2,6,11,0,0,0,0,5,7,6,3,3,1,28,3
0,0,0,0,0,0,94,0,0,1,0,0,0,0,0,0,0,0,2,1,0,3,0,3,472,0
0,0,0,0,0,0,9,0,0,1,10,0,1,0,0,0,0,0,3,1,7,0,0,1,0,0
0,0,0,0,0,0,0,1,1,0,1,0,4,2,0,0,0,0,2,1,5,0,0,1,1,1
0,0,0,0,0,0,8,0,0,2,1,0,26,11,0,0,0,0,0,8,12,87,8,0,0,0
0,0,0,0,1,0,0,0,0,0,1,0,0,0,0,0,0,0,0,0,0,0,0,0,7,1
0,0,0,0,0,0,0,0,0,0,0,0,0,0,0,0,0,0,0,0,0,0,0,2,1,0
0,0,0,0,0,0,0,0,0,0,0,0,0,0,0,0,0,0,0,0,0,0,0,0,0,0
0,0,0,0,0,0,0,0,0,0,0,0,0,0,0,0,0,0,0,0,0,0,0,0,0,0
0,0,0,0,0,0,0,0,0,0,0,0,0,0,0,0,0,0,0,0,0,0,0,0,0,0
0,0,0,0,0,0,0,0,0,1,0,0,0,0,0,0,0,0,2,3,0,0,0,10,1,0
0,0,0,0,0,0,0,0,0,0,0,0,0,0,0,0,0,0,0,0,0,0,0,0,0,0
