6,6,0,0,8,0,1,0,0,0,0,0,0,0,0,7,2,5,0,0,5,5,6,0,0,0
10,14,0,0,6,9,2,3,1,8,3,2,1,4,1,5,0,1,33,0,6,4,3,0,4,0
0,1,1,0,25,110,0,0,0,72,1,0,0,0,0,1,0,1,0,0,0,0,0,0,3,0
0,4,0,0,4,7,2,1,0,0,0,0,0,0,0,4,2,3,0,0,0,5,0,2,0,0
0,0,0,0,4,0,9,1,0,0,1,0,0,0,1,3,3,2,0,0,1,1,0,0,0,0
3,0,0,0,6,9,0,3,2,0,515,0,4,0,0,0,0,77,11,0,48,0,6,0,18,109
0,0,0,0,0,0,6,0,0,0,0,0,1,12,0,1,0,0,0,0,3,2,0,0,0,0
1,2,0,0,1,0,1,1,0,0,1,0,0,0,0,1,0,0,0,1,0,0,0,0,0,0
0,0,0,0,0,0,0,0,0,0,0,0,0,0,0,0,0,0,0,0,0,0,0,0,0,0
0,0,0,0,0,0,0,0,0,0,0,0,0,0,0,0,0,0,0,0,0,0,0,0,0,0
0,0,0,0,0,0,0,0,0,0,0,0,0,0,0,0,1,0,6,2,3,1,0,4,3,0
0,0,0,0,0,0,0,1,0,0,1,0,0,0,0,0,0,0,0,0,0,0,0,0,3,0
0,0,0,0,1,0,1,2,0,0,0,1,0,0,0,0,0,0,0,0,0,0,0,0,0,0
