0,12,0,0,0,0,0,1,0,0,2,2,0,0,2,7,0,0,15,0,0,2,8,0,2,0
0,8,0,0,0,0,0,19,6,3,0,0,0,0,5,10,4,0,7,2,0,2,9,0,2,0
0,0,0,0,0,0,0,61,0,2,0,0,0,0,0,1,0,0,0,27,0,0,1,0,2,0
0,1,0,0,0,0,0,4,1,0,3,3,0,0,2,3,0,0,2,0,0,2,5,0,1,0
0,0,0,0,0,0,0,0,2,0,5,9,0,0,12,5,1,0,10,0,0,3,0,0,3,0
0,0,0,0,0,0,0,22,296,163,0,0,0,0,2,8,14,0,5,0,0,4,121,0,0,0
0,0,0,0,0,0,0,3,0,0,0,0,0,0,0,1,0,0,0,0,0,0,0,0,0,0
0,0,0,0,0,0,0,1,0,0,0,0,0,0,0,0,0,0,0,0,0,0,0,0,0,0
0,0,0,0,0,0,0,0,0,0,0,0,0,0,0,0,0,0,0,0,0,0,0,0,0,0
0,0,0,0,0,0,0,0,0,0,0,0,0,0,0,0,0,0,0,0,0,0,0,0,0,0
0,0,0,0,0,0,0,0,0,0,0,0,0,0,0,0,0,0,0,0,0,0,0,0,0,0
0,0,0,0,0,0,0,0,0,0,0,0,0,0,0,0,0,0,0,0,0,0,0,0,2,0
0,0,0,0,0,0,0,1,2,0,0,0,0,0,0,0,0,0,0,0,0,0,0,0,0,0
