0,0,0,0,0,1,0,1,0,0,0,0,0,0,0,0,2,1,12,0,0,2,0,2,0,0
0,0,0,0,1,6,0,4,0,8,3,3,0,0,2,2,0,5,2,0,0,3,0,6,0,4
0,0,0,0,0,0,0,0,0,37,1,4,0,0,0,0,0,12,0,0,0,5,0,28,0,12
0,0,0,0,7,3,0,3,0,3,1,0,0,0,4,0,9,6,0,0,0,0,0,7,0,0
0,0,0,0,0,0,0,0,0,5,2,0,0,0,5,0,13,1,0,0,0,0,0,17,0,0
0,0,0,0,2,6,0,9,0,6,0,0,0,0,8,0,0,0,0,0,0,1,0,0,0,0
0,0,0,0,0,5,0,0,0,0,0,0,0,0,0,0,0,1,0,0,0,0,0,0,0,0
0,0,0,0,0,0,0,0,0,0,0,0,0,0,0,0,0,1,0,0,0,0,0,0,0,0
0,0,0,0,0,0,0,0,0,0,0,0,0,0,0,0,0,0,0,0,0,0,0,0,0,0
0,0,0,0,0,0,0,0,0,0,0,0,0,0,0,0,0,0,0,0,0,0,0,0,0,0
0,0,0,0,0,0,0,0,0,0,0,0,0,0,0,0,0,0,0,0,0,0,0,0,0,0
0,0,0,0,0,0,0,0,0,0,0,3,0,0,0,0,0,0,0,0,0,0,0,0,0,1
0,0,0,0,0,0,0,0,0,2,0,0,0,0,0,0,0,0,0,0,0,0,0,0,0,0
