2,22,1,0,1,0,0,0,9,0,0,0,0,1,16,12,8,0,0,0,0,2,4,2,0,6
5,30,4,0,1,0,0,3,9,7,5,1,0,6,14,6,3,0,0,0,2,0,3,2,0,0
14,9,49,0,0,0,0,3,0,38,11,1,0,0,0,0,0,0,0,0,0,0,1,0,0,0
0,20,4,0,3,0,1,4,5,4,1,0,2,4,13,5,5,1,0,0,2,5,2,2,1,1
0,4,0,0,5,0,0,0,13,2,1,0,0,7,17,0,13,2,0,0,0,14,1,1,2,4
2,2,0,0,0,0,0,0,11,0,1,0,0,0,125,51,0,0,0,0,0,0,5,0,0,0
0,2,0,0,0,0,3,0,2,0,0,0,3,4,0,0,0,0,0,0,1,0,0,3,0,0
2,9,2,0,1,0,2,1,2,3,1,1,0,3,6,1,3,0,1,0,1,3,2,3,1,1
0,0,0,0,0,0,0,0,0,0,0,0,0,0,0,0,0,0,0,0,0,0,0,0,0,0
0,0,0,0,0,0,0,0,0,0,0,0,0,0,0,0,0,0,0,0,0,0,0,0,0,0
0,0,0,0,0,0,0,0,0,0,0,0,0,0,0,0,0,0,0,0,0,0,0,0,0,0
0,0,0,0,0,0,0,0,0,0,0,4,0,0,0,0,0,0,0,0,0,0,0,0,0,0
0,0,0,0,2,0,0,1,1,2,0,1,0,1,0,0,0,0,0,0,0,0,0,0,0,0
