0,17,0,0,0,0,0,0,0,0,3,0,0,4,0,11,4,4,0,0,0,1,5,0,0,0
6,27,0,0,0,1,0,0,2,7,3,5,0,7,2,10,2,1,0,0,0,4,6,2,1,2
5,5,0,0,0,0,0,0,21,18,0,1,0,0,1,0,0,0,0,0,0,0,1,0,0,12
0,2,0,0,0,0,0,0,5,0,4,0,0,2,0,6,0,0,0,0,0,4,1,0,0,0
0,0,0,0,0,0,0,0,5,0,1,0,0,3,1,3,1,0,0,0,0,0,0,0,0,0
14,22,0,0,0,120,0,0,10,0,0,0,0,0,0,0,0,0,0,0,0,0,8,0,0,0
0,2,0,0,0,0,0,0,0,0,0,0,0,1,0,0,0,0,0,0,0,0,0,0,0,0
0,0,0,0,0,0,0,0,0,0,0,0,0,0,0,0,0,0,0,0,0,0,0,0,0,0
0,0,0,0,0,0,0,0,0,0,0,0,0,0,0,0,0,0,0,0,0,0,0,0,0,0
0,0,0,0,0,0,0,0,0,0,0,0,0,0,0,0,0,0,0,0,0,0,0,0,0,0
0,0,0,0,0,0,0,0,0,0,0,0,0,0,0,0,0,0,0,0,0,0,0,0,0,0
0,0,0,0,0,0,0,0,2,0,0,1,0,0,0,0,0,0,0,0,0,0,0,0,0,3
0,0,0,0,0,0,0,0,0,0,0,0,0,0,0,1,0,0,0,0,0,0,0,0,0,0
