4,12,6,0,0,0,0,0,0,3,0,0,0,0,0,7,9,15,0,0,0,0,0,0,2,0
3,5,4,1,2,0,9,0,3,12,14,0,0,3,0,19,4,6,0,0,0,3,8,5,11,7
0,2,0,2,6,0,7,0,19,0,151,0,0,0,0,0,0,0,0,0,0,0,0,0,6,81
3,7,0,0,4,0,2,9,3,2,2,0,0,1,3,9,2,2,0,0,0,0,0,0,4,1
0,7,0,0,0,0,0,0,1,0,1,0,0,3,0,3,0,2,0,0,0,0,1,0,1,0
0,2,0,0,8,0,6,0,6,0,0,0,0,0,0,0,0,6,0,0,0,0,0,0,189,222
0,3,0,0,0,0,0,0,0,0,0,0,0,0,0,11,3,0,0,0,0,0,1,0,0,0
0,0,0,0,0,0,0,0,0,0,0,0,0,1,0,1,1,0,0,0,0,0,1,0,1,0
0,0,0,0,0,0,0,0,0,0,0,0,0,0,0,0,0,0,0,0,0,0,0,0,0,0
0,0,0,0,0,0,0,0,0,0,0,0,0,0,0,0,0,0,0,0,0,0,0,0,0,0
0,0,0,0,0,0,0,0,0,0,0,0,0,0,0,0,0,0,0,0,0,0,0,0,0,0
0,1,0,0,0,0,0,0,0,0,3,0,0,0,0,0,0,0,0,0,0,0,0,0,4,0
0,0,0,0,0,0,1,0,0,0,0,0,0,1,0,0,0,0,0,0,0,0,0,0,0,0
