0,5,0,0,0,0,0,0,0,0,8,0,0,0,4,19,0,5,0,0,2,5,11,2,0,0
0,4,0,0,0,0,0,8,2,4,6,2,2,3,4,1,0,2,0,0,0,7,9,0,12,0
0,0,0,0,0,0,0,16,0,40,4,1,0,0,0,0,0,0,0,0,0,1,0,0,5,0
0,2,0,0,0,0,0,2,0,6,17,0,0,0,7,4,0,4,0,0,2,6,5,1,0,0
0,0,0,0,0,0,0,2,2,1,9,1,2,0,3,6,0,4,0,0,7,7,4,1,0,0
0,0,0,0,0,0,0,1,0,0,0,0,0,14,0,102,0,0,0,0,0,7,9,0,137,0
0,0,0,0,0,0,0,1,0,0,0,0,0,0,0,0,0,0,0,0,0,1,1,0,0,0
0,0,0,0,0,0,0,0,0,0,0,0,0,0,0,0,0,0,0,0,0,0,0,0,0,0
0,0,0,0,0,0,0,0,0,0,0,0,0,0,0,0,0,0,0,0,0,0,0,0,0,0
0,0,0,0,0,0,0,0,0,0,0,0,0,0,0,0,0,0,0,0,0,0,0,0,0,0
0,0,0,0,0,0,0,0,0,0,0,0,0,0,0,0,0,0,0,0,0,0,0,0,0,0
0,0,0,0,0,0,0,2,0,0,1,0,0,0,0,0,0,0,0,0,0,0,0,0,3,0
0,0,0,0,0,0,0,0,0,0,0,0,0,0,0,0,0,0,0,0,0,0,0,0,0,0
