10,0,0,3,0,0,0,0,0,0,0,0,2,0,0,19,0,0,0,0,0,5,14,5,1,2
7,0,0,1,0,0,0,8,5,2,10,0,5,0,1,6,0,0,0,0,4,3,9,4,5,5
0,0,0,0,0,0,0,11,9,7,90,0,0,0,0,2,0,0,0,0,0,0,0,0,3,0
3,0,0,1,0,0,0,5,0,0,12,0,0,0,1,8,0,0,0,0,5,2,1,5,5,2
0,0,0,0,0,0,0,2,1,0,1,0,1,0,0,11,0,0,0,0,1,0,3,5,5,4
0,0,0,0,0,0,0,0,0,0,0,0,19,0,7,1,0,0,0,0,124,0,14,0,0,0
0,0,0,0,0,0,0,0,0,0,0,0,1,0,0,0,0,0,0,0,0,0,0,0,0,0
0,0,0,0,0,0,0,0,0,0,1,0,0,0,0,0,0,0,0,0,0,0,0,0,0,0
0,0,0,0,0,0,0,0,0,0,0,0,0,0,0,0,0,0,0,0,0,0,0,0,0,0
0,0,0,0,0,0,0,0,0,0,0,0,0,0,0,0,0,0,0,0,0,0,0,0,0,0
0,0,0,0,0,0,0,0,0,0,0,0,0,0,0,0,0,0,0,0,0,0,0,0,0,0
0,0,0,0,0,0,0,2,0,0,5,0,0,0,0,0,0,0,0,0,0,0,0,0,2,0
0,0,0,0,0,0,0,0,1,0,0,0,0,0,0,0,0,0,0,0,0,0,0,0,0,0
