4,3,3,0,3,7,1,0,0,0,0,0,0,0,0,3,6,0,0,0,0,3,3,0,0,4
13,3,0,0,13,0,0,0,13,0,1,0,0,1,16,3,2,1,0,0,0,0,1,0,0,1
9,0,0,0,46,0,0,0,57,0,1,0,0,0,0,0,0,0,0,0,0,0,0,0,0,1
9,1,2,0,5,5,2,0,1,3,0,2,0,1,5,3,1,0,0,0,0,3,2,0,0,2
0,4,0,0,0,2,0,0,1,1,0,0,0,0,6,1,2,0,0,0,0,4,1,0,0,2
8,0,0,0,1,0,0,0,15,0,0,0,0,4,0,3,0,3,0,0,0,0,3,0,0,0
0,0,0,0,0,0,0,0,0,0,0,0,0,0,0,0,0,0,0,0,0,0,0,0,0,0
0,0,0,0,0,0,0,0,0,0,1,0,0,0,0,0,0,0,0,0,0,0,0,0,0,0
0,0,0,0,0,0,0,0,0,0,0,0,0,0,0,0,0,0,0,0,0,0,0,0,0,0
0,0,0,0,0,0,0,0,0,0,0,0,0,0,0,0,0,0,0,0,0,0,0,0,0,0
0,0,0,0,0,0,0,0,0,0,0,0,0,0,0,0,0,0,0,0,0,0,0,0,0,0
0,0,0,0,1,0,0,0,0,0,1,0,0,0,0,0,0,0,0,0,0,0,0,0,0,0
0,0,0,0,0,0,0,0,0,0,0,0,0,0,0,0,0,0,0,0,0,0,0,0,0,0
