0,8,8,1,8,0,4,0,0,0,0,0,0,0,0,2,0,0,0,11,2,0,1,0,0,0
28,3,20,7,4,0,1,2,1,3,0,0,0,6,18,2,0,0,0,3,3,1,14,2,4,2
3,0,5,18,0,0,2,1,0,4,0,0,0,0,0,0,0,0,0,1,0,0,0,1,1,0
5,4,13,5,4,0,1,0,0,0,0,0,0,1,0,0,0,0,1,0,0,0,1,0,0,0
0,3,0,1,0,0,1,0,1,0,0,0,0,1,0,0,0,0,0,0,0,0,0,0,0,0
7,1,0,1,12,0,0,8,0,0,0,0,0,3,0,0,0,0,1,3,5,0,12,0,121,0
0,0,0,0,0,0,0,0,0,0,0,0,0,0,2,0,0,0,0,0,0,0,8,0,0,0
0,0,0,0,1,0,0,0,0,0,0,0,0,0,0,0,0,0,0,0,0,0,0,0,0,0
0,0,0,0,0,0,0,0,0,0,0,0,0,0,0,0,0,0,0,0,0,0,0,0,0,0
0,0,0,0,0,0,0,0,0,0,0,0,0,0,0,0,0,0,0,0,0,0,0,0,0,0
0,0,0,0,0,0,0,0,0,0,0,0,0,0,0,0,0,0,0,0,0,0,0,0,0,0
0,0,0,0,0,0,0,0,0,2,0,0,0,0,0,0,0,0,0,0,0,0,0,3,0,0
0,0,0,0,0,0,0,0,0,0,0,0,0,1,0,0,0,0,0,0,0,0,0,0,0,0
