0,14,0,0,0,0,4,8,5,0,0,0,0,0,2,13,0,0,0,0,0,7,4,0,7,0
6,20,0,0,0,0,15,23,12,5,1,0,2,3,0,4,0,0,0,0,0,6,3,3,4,0
0,1,0,0,0,0,3,33,101,104,5,0,0,0,0,0,0,0,0,0,0,0,0,3,74,0
1,8,0,0,0,0,1,16,10,4,1,1,1,3,1,3,2,2,0,0,2,6,1,4,13,1
0,0,0,0,0,0,0,14,3,1,1,0,0,9,0,2,0,3,0,0,2,9,4,6,6,0
0,4,0,0,0,0,0,27,0,0,0,0,32,7,0,0,0,0,0,0,11,9,6,0,23,0
0,2,0,0,0,0,6,8,9,0,0,0,0,0,0,0,0,0,0,0,0,7,0,0,0,0
0,0,0,0,0,0,0,1,0,0,0,0,0,0,0,0,0,0,0,0,0,0,0,0,0,0
0,0,0,0,0,0,0,0,0,0,0,0,0,0,0,0,0,0,0,0,0,0,0,0,0,0
0,0,0,0,0,0,0,0,0,0,0,0,0,0,0,0,0,0,0,0,0,0,0,0,0,0
0,0,0,0,0,0,0,0,0,0,0,0,0,0,0,0,0,0,0,0,0,0,0,0,0,0
0,0,0,0,0,0,0,4,0,0,6,0,0,0,0,0,0,0,0,0,0,0,0,0,1,0
0,0,0,0,0,0,1,0,0,0,0,0,0,2,0,0,0,0,0,0,0,0,0,0,0,0
