0,6,0,11,6,0,0,4,21,0,0,0,0,0,0,0,0,0,0,0,0,5,6,0,0,12
0,3,1,0,3,0,0,10,6,2,6,0,0,2,3,0,1,1,4,0,0,1,15,1,3,9
0,0,0,0,0,0,0,34,0,2,8,0,0,0,0,0,8,0,25,0,0,0,78,0,10,5
0,2,0,1,1,0,0,11,6,0,3,0,0,0,4,0,4,4,0,0,0,0,0,0,0,0
0,2,0,1,2,0,0,1,2,0,1,0,0,2,1,0,0,0,0,0,0,0,0,0,0,2
0,0,0,0,0,0,0,10,166,0,2,0,0,0,0,0,0,0,0,0,0,0,3,0,6,0
0,0,0,0,0,0,0,0,0,0,1,0,0,0,8,0,0,4,1,0,0,0,1,0,0,0
0,0,0,0,0,0,0,0,0,0,1,0,0,0,0,0,0,0,0,0,0,0,0,0,0,0
0,0,0,0,0,0,0,0,0,0,0,0,0,0,0,0,0,0,0,0,0,0,0,0,0,0
0,0,0,0,0,0,0,0,0,0,0,0,0,0,0,0,0,0,0,0,0,0,0,0,0,0
0,0,0,0,0,0,0,0,0,0,0,0,0,0,0,0,0,0,0,0,0,0,0,0,0,0
0,0,0,0,0,0,0,3,0,5,0,0,0,0,0,0,0,0,0,0,0,0,0,0,1,0
0,0,0,0,0,0,0,0,0,0,0,0,0,1,0,0,0,0,0,0,0,0,0,0,0,0
