0,0,10,0,0,0,0,0,0,2,0,0,0,0,0,0,14,9,0,0,0,0,0,0,0,0
0,1,4,0,0,0,2,0,12,2,2,0,0,2,2,0,4,5,0,0,0,0,0,1,2,5
0,1,0,0,0,0,15,0,54,1,10,0,0,0,0,0,0,0,0,0,0,0,0,2,6,98
0,3,4,0,0,0,3,0,1,0,0,0,0,1,0,0,1,3,0,0,0,0,0,4,0,0
0,0,3,0,0,0,0,0,4,0,0,0,0,1,0,0,0,0,0,0,0,0,0,3,0,0
0,0,0,0,0,0,32,0,0,0,0,0,0,5,113,0,0,5,0,0,0,0,0,0,0,0
0,0,0,0,0,0,0,0,0,0,0,0,0,0,0,0,0,0,0,0,0,0,0,0,0,0
0,0,0,0,0,0,0,0,0,0,0,0,0,0,0,0,0,0,0,0,0,0,0,0,0,0
0,0,0,0,0,0,0,0,0,0,0,0,0,0,0,0,0,0,0,0,0,0,0,0,0,0
0,0,0,0,0,0,0,0,0,0,0,0,0,0,0,0,0,0,0,0,0,0,0,0,0,0
0,0,0,0,0,0,0,0,0,0,0,0,0,0,0,0,0,0,0,0,0,0,0,0,0,0
0,0,0,0,0,0,0,0,2,1,0,0,0,0,0,0,0,0,0,0,0,0,0,0,0,1
0,0,0,0,0,0,0,0,0,0,0,0,0,0,0,0,0,0,0,0,0,0,0,0,0,0
