3,11,0,0,0,0,0,0,6,2,0,0,0,0,0,17,0,0,0,0,3,2,5,0,0,0
5,3,0,0,0,0,1,2,3,4,1,0,0,0,1,18,0,0,0,0,5,2,8,0,3,0
3,0,0,0,0,0,3,57,19,8,0,0,0,0,8,1,0,0,0,0,0,1,0,0,4,0
3,7,0,0,0,0,4,5,4,2,3,0,0,0,0,12,0,0,0,2,7,0,7,0,0,0
6,2,0,0,0,0,4,3,4,2,0,0,0,0,0,6,0,0,0,0,3,0,0,0,0,0
5,0,0,0,0,0,2,0,0,0,91,0,0,1,0,58,0,0,0,1,13,0,5,0,0,0
7,0,0,0,0,0,0,0,0,0,0,0,0,0,0,0,0,0,0,0,4,0,0,0,0,0
1,0,0,0,0,0,0,0,0,0,0,0,0,0,0,0,0,0,0,0,0,0,0,0,0,0
0,0,0,0,0,0,0,0,0,0,0,0,0,0,0,0,0,0,0,0,0,0,0,0,0,0
0,0,0,0,0,0,0,0,0,0,0,0,0,0,0,0,0,0,0,0,0,0,0,0,0,0
0,0,0,0,0,0,0,0,0,0,0,0,0,0,0,0,0,0,0,0,0,0,0,0,0,0
0,0,0,0,0,0,0,0,0,2,0,0,0,0,0,0,0,0,0,0,0,0,0,0,4,0
0,0,0,0,0,0,0,0,0,0,0,0,0,0,0,1,0,0,0,0,0,0,0,0,0,0
