0,20,0,0,0,0,0,0,0,0,0,0,0,0,0,4,0,0,0,0,35,0,13,0,3,0
1,11,0,0,0,0,0,4,8,7,6,2,0,0,18,9,0,0,2,0,6,4,8,1,9,18
3,0,0,0,0,0,0,27,9,85,23,15,0,0,0,2,0,0,0,0,0,0,0,0,25,122
1,18,0,0,0,0,0,0,3,0,0,1,0,0,6,4,0,0,0,0,4,1,3,1,3,5
1,2,0,0,0,0,0,0,2,0,1,0,0,0,1,0,0,0,0,0,0,0,0,0,0,0
0,0,0,0,0,0,0,12,125,0,0,0,0,0,0,6,0,0,6,0,0,92,14,61,0,0
0,0,0,0,0,0,0,0,0,0,0,0,0,0,5,0,0,0,0,0,0,2,1,0,0,0
1,0,0,0,0,0,0,0,0,0,0,0,0,0,0,0,0,0,0,0,0,0,0,0,0,0
0,0,0,0,0,0,0,0,0,0,0,0,0,0,0,0,0,0,0,0,0,0,0,0,0,0
0,0,0,0,0,0,0,0,0,0,0,0,0,0,0,0,0,0,0,0,0,0,0,0,0,0
0,0,0,0,0,0,0,0,0,0,0,0,0,0,0,0,0,0,0,0,0,0,0,0,0,0
0,0,0,0,0,0,0,2,0,1,0,0,0,0,0,0,0,0,0,0,0,0,0,0,0,1
0,0,0,0,0,0,0,0,1,0,0,0,0,0,0,0,0,0,0,0,0,0,0,0,0,0
