2,8,0,4,0,0,0,0,0,0,0,0,0,0,0,8,0,0,0,0,0,0,6,0,5,1
0,7,0,6,2,0,0,12,0,6,7,0,0,1,16,11,0,0,0,0,0,0,4,2,6,2
0,0,0,0,3,0,0,40,0,27,2,0,0,0,0,0,0,0,0,0,0,0,0,2,1,0
4,0,0,1,3,0,0,5,0,0,1,1,0,0,0,1,0,0,0,0,0,0,3,0,3,0
0,0,0,0,0,0,0,2,0,0,0,0,0,1,0,0,0,0,0,0,0,0,0,0,0,2
0,0,0,0,3,0,0,140,0,0,2,0,0,0,0,10,0,0,0,0,0,0,10,0,0,0
0,0,0,0,0,0,0,0,0,0,1,0,0,0,0,0,0,0,0,0,0,0,1,0,0,0
0,0,0,0,0,0,0,0,0,0,0,0,0,0,0,0,0,0,0,0,0,0,0,0,0,0
0,0,0,0,0,0,0,0,0,0,0,0,0,0,0,0,0,0,0,0,0,0,0,0,0,0
0,0,0,0,0,0,0,0,0,0,0,0,0,0,0,0,0,0,0,0,0,0,0,0,0,0
0,0,0,0,0,0,0,0,0,0,0,0,0,0,0,0,0,0,0,0,0,0,0,0,0,0
0,0,0,0,0,0,0,2,0,0,2,0,0,0,0,0,0,0,0,0,0,0,0,0,2,0
0,0,0,0,0,0,0,0,0,0,0,0,0,0,0,0,0,0,0,0,0,0,0,0,0,0
