0,12,0,0,0,0,0,0,7,0,0,2,0,12,3,24,4,0,0,0,0,2,34,0,8,2
0,9,0,0,0,0,0,0,14,5,0,2,0,4,17,6,1,2,0,0,1,1,23,0,7,11
0,0,0,0,0,0,0,0,41,44,0,0,0,0,0,0,0,0,0,0,0,0,4,0,2,0
0,13,0,0,0,2,0,0,18,12,0,5,0,14,4,6,6,14,2,0,1,6,18,1,11,10
0,3,0,0,0,2,0,0,7,2,0,3,0,7,2,0,2,4,3,0,3,4,6,3,3,0
0,0,0,0,0,0,0,0,1,0,0,0,0,0,0,0,0,0,0,0,0,0,17,0,0,0
0,0,0,0,0,0,0,0,0,0,0,0,0,0,6,5,2,10,0,0,0,5,2,0,0,15
0,0,0,0,0,0,0,0,0,0,0,0,0,0,0,0,0,0,0,0,0,0,0,0,0,0
0,0,0,0,0,0,0,0,0,0,0,0,0,0,0,0,0,0,0,0,0,0,0,0,0,0
0,0,0,0,0,0,0,0,0,0,0,0,0,0,0,0,0,0,0,0,0,0,0,0,0,0
0,0,0,0,0,0,0,0,0,0,0,0,0,0,0,0,0,0,0,0,0,0,0,0,0,0
0,0,0,0,0,0,0,0,3,4,0,0,0,0,0,0,0,0,0,0,0,0,0,0,1,0
0,0,0,0,0,0,0,0,0,0,0,1,0,0,0,0,0,0,0,0,0,0,0,0,0,0
