4,34,0,0,0,0,7,0,3,2,0,0,0,0,9,7,0,0,0,0,1,0,11,0,6,1
5,12,0,0,0,0,0,0,4,8,0,3,0,0,4,0,0,0,3,0,0,0,20,0,14,1
1,19,0,0,0,0,1,0,1,31,0,194,0,0,0,0,0,0,0,0,0,0,406,0,1,1
2,10,0,0,0,0,3,0,0,8,2,6,0,3,11,2,4,0,0,0,0,5,14,0,7,5
9,5,0,0,0,0,4,0,1,5,2,3,0,3,14,2,0,0,0,0,0,2,6,0,1,4
0,0,0,0,0,0,0,0,2,1,0,0,0,0,0,0,0,0,0,0,0,0,17,0,7,0
0,1,0,0,0,0,0,0,0,0,0,0,0,0,0,0,0,0,0,0,0,0,12,0,3,0
0,0,0,0,0,0,0,0,0,0,0,0,0,0,0,0,0,0,0,0,0,0,0,0,0,0
0,0,0,0,0,0,0,0,0,0,0,0,0,0,0,0,0,0,0,0,0,0,0,0,0,0
0,0,0,0,0,0,0,0,0,0,0,0,0,0,0,0,0,0,0,0,0,0,0,0,0,0
0,0,0,0,0,0,0,0,0,0,0,0,0,0,0,0,0,0,0,0,0,0,0,0,0,0
0,0,0,0,0,0,0,0,1,0,0,4,0,0,0,0,0,0,0,0,0,0,0,0,0,1
0,0,0,0,0,0,0,0,0,0,0,0,0,0,0,0,0,0,0,0,0,0,0,0,0,0
