0,0,0,0,8,0,0,0,0,0,0,0,3,0,2,0,0,0,37,0,0,0,0,0,0,3
0,0,0,0,4,1,9,4,1,0,7,10,11,0,3,0,3,0,12,0,13,0,0,5,5,4
0,0,0,0,0,3,72,0,0,0,6,174,0,0,0,0,0,0,0,0,122,0,0,4,48,35
0,0,1,0,1,0,7,2,0,0,0,1,1,0,0,0,1,0,0,2,1,1,0,9,0,2
0,0,0,0,0,0,0,0,1,0,0,0,1,0,0,0,1,0,0,0,0,0,0,1,0,0
0,0,0,0,0,0,0,6,0,0,0,0,0,0,0,0,0,0,0,0,0,0,0,402,54,3
0,0,0,0,0,0,0,0,0,0,1,0,1,0,0,0,0,0,4,0,0,0,0,0,0,0
0,0,0,0,0,0,0,0,0,0,0,0,0,0,0,0,0,0,0,0,0,0,0,0,0,0
0,0,0,0,0,0,0,0,0,0,0,0,0,0,0,0,0,0,0,0,0,0,0,0,0,0
0,0,0,0,0,0,0,0,0,0,0,0,0,0,0,0,0,0,0,0,0,0,0,0,0,0
0,0,0,0,0,0,0,0,0,0,0,0,0,0,0,0,0,0,0,0,0,0,0,0,0,0
0,0,0,0,0,0,0,0,0,0,7,0,0,0,0,0,0,0,0,0,0,0,0,9,1,0
0,0,0,0,0,0,0,0,0,0,0,0,0,0,0,0,0,0,0,0,0,0,0,0,0,0
