0,1,24,0,0,0,2,1,1,4,17,0,0,3,0,0,5,14,0,0,0,0,0,0,0,0
2,4,6,1,0,0,4,20,12,12,7,2,0,4,1,0,0,8,1,5,7,1,8,12,19,3
3,3,3,0,0,0,1,243,2,0,0,1,0,1,0,0,0,0,0,2,3,75,108,169,93,3
0,0,3,0,0,0,0,4,0,2,5,0,0,3,0,0,1,0,3,0,2,0,0,1,7,0
0,0,3,0,0,0,0,3,3,2,3,1,0,2,1,0,1,0,0,0,0,0,0,0,3,0
8,6,0,2,0,0,0,0,14,378,0,0,0,0,0,0,0,5,0,207,4,0,0,1,4,0
0,0,0,0,0,0,4,4,0,0,0,0,0,3,0,0,0,1,1,0,3,0,0,1,0,0
0,0,0,0,0,0,0,0,0,0,0,0,0,1,0,0,0,0,0,0,0,0,0,0,0,0
0,0,0,0,0,0,0,0,0,0,0,0,0,0,0,0,0,0,0,0,0,0,0,0,0,0
0,0,0,0,0,0,0,0,0,0,0,0,0,0,0,0,0,0,0,0,0,0,0,0,0,0
0,0,0,0,0,0,0,0,0,0,0,0,0,0,0,0,0,0,0,0,0,0,0,0,0,0
0,0,0,0,0,0,0,1,1,0,0,1,0,0,0,0,0,0,0,0,0,0,0,0,0,3
0,0,0,0,0,0,1,2,2,0,0,0,0,0,0,0,0,0,0,0,0,0,0,0,0,0
