0,0,14,2,0,0,9,0,0,4,0,0,0,0,1,0,6,9,0,11,0,0,0,0,2,0
0,7,1,0,0,0,0,0,3,0,3,4,3,1,4,0,1,2,0,27,0,1,0,0,13,0
0,44,0,2,0,0,0,0,5,0,3,4,2,0,0,0,0,0,0,0,0,1,0,0,31,0
0,12,2,2,0,0,5,0,0,3,0,0,0,0,0,0,1,4,1,29,0,1,0,1,8,0
0,0,1,2,0,0,2,0,1,4,0,0,1,0,1,0,1,5,2,5,0,0,0,2,6,0
0,2,0,0,0,0,8,166,0,0,0,0,142,17,0,0,0,45,0,86,0,0,0,0,6,0
0,0,0,0,0,0,0,0,0,0,0,0,6,0,0,0,1,0,0,0,0,0,0,0,0,0
0,0,0,0,0,0,0,0,0,0,0,0,0,0,0,0,0,0,0,1,0,0,0,0,0,0
0,0,0,0,0,0,0,0,0,0,0,0,0,0,0,0,0,0,0,0,0,0,0,0,0,0
0,0,0,0,0,0,0,0,0,0,0,0,0,0,0,0,0,0,0,0,0,0,0,0,0,0
0,0,0,0,0,0,0,0,0,0,0,0,0,0,0,0,0,0,0,0,0,0,0,0,0,0
0,0,0,0,0,0,0,0,0,0,0,4,0,0,0,0,0,0,0,0,0,0,0,0,3,0
0,0,0,0,0,0,0,0,0,0,0,0,0,0,0,0,0,0,0,0,0,0,0,0,0,0
