5,0,0,0,11,0,0,1,6,0,0,0,1,0,0,0,0,0,13,0,0,2,0,0,0,6
3,0,0,0,3,1,0,19,2,0,2,0,7,0,0,0,0,0,5,0,5,5,0,1,1,3
0,0,0,0,0,0,0,465,0,0,5,0,0,0,0,0,0,0,0,0,153,326,0,10,1,0
3,0,0,0,0,1,0,13,4,1,2,0,5,0,0,0,0,0,0,4,0,1,0,0,0,0
3,0,0,0,0,0,0,2,2,1,2,0,0,0,0,0,0,0,1,3,0,0,0,0,0,0
0,0,0,0,0,247,0,29,0,15,0,0,1,0,0,0,0,0,0,0,1,18,1,0,0,3
3,0,0,0,2,0,0,1,0,0,0,0,4,0,0,0,0,0,0,0,3,1,0,0,0,0
4,0,0,0,0,0,0,0,1,0,0,0,0,0,0,0,0,0,0,0,0,0,0,0,1,0
0,0,0,0,0,0,0,0,0,0,0,0,0,0,0,0,0,0,0,0,0,0,0,0,0,0
0,0,0,0,0,0,0,0,0,0,0,0,0,0,0,0,0,0,0,0,0,0,0,0,0,0
0,0,0,0,0,0,0,0,0,0,0,0,0,0,0,0,0,0,0,0,0,0,0,0,0,0
0,0,0,0,0,0,0,0,0,0,4,0,0,0,0,0,0,0,0,0,0,0,0,0,3,0
0,0,0,0,0,0,0,0,0,0,0,0,0,0,0,0,0,0,0,0,0,0,0,0,0,0
