0,28,0,0,0,0,0,0,1,0,0,0,0,0,0,4,0,0,0,0,0,0,5,0,0,0
3,11,0,0,0,0,2,4,10,4,3,1,0,0,4,1,9,0,0,0,0,3,7,0,1,0
0,0,0,0,0,0,1,2,32,13,1,1,0,0,0,0,50,0,0,0,0,1,6,0,1,0
11,10,0,0,0,0,0,5,1,0,5,0,0,0,0,0,0,0,0,0,0,0,0,0,0,0
0,0,0,0,5,0,0,1,3,0,0,0,0,0,2,0,0,0,0,0,0,0,0,0,0,0
0,0,0,0,0,0,2,0,2,0,238,0,0,0,0,0,2,0,0,0,0,8,113,0,0,0
0,3,0,0,0,0,0,5,0,0,0,0,0,0,0,0,0,0,0,0,0,1,5,0,0,0
0,0,0,0,0,0,0,0,0,0,0,0,0,0,0,0,0,0,0,0,0,0,0,0,0,0
0,0,0,0,0,0,0,0,0,0,0,0,0,0,0,0,0,0,0,0,0,0,0,0,0,0
0,0,0,0,0,0,0,0,0,0,0,0,0,0,0,0,0,0,0,0,0,0,0,0,0,0
0,0,0,0,0,0,0,0,0,0,0,0,0,0,0,0,0,0,0,0,0,0,0,0,0,0
0,0,0,0,0,0,0,0,0,0,1,1,0,0,0,0,0,0,0,0,0,0,0,0,1,0
0,0,0,0,0,0,0,0,0,0,0,0,0,0,0,0,0,0,0,0,0,0,0,0,0,0
