0,21,0,0,0,0,0,0,4,0,0,0,0,0,2,9,0,0,0,0,0,0,6,0,0,0
2,6,0,0,0,0,12,7,11,4,5,0,0,2,0,2,0,0,0,0,0,0,2,0,1,2
0,0,0,0,0,0,8,0,29,14,18,0,0,0,0,0,0,0,0,0,0,0,0,0,1,0
6,9,0,0,0,0,11,1,6,2,0,0,1,1,1,1,0,0,0,0,0,0,3,0,0,1
0,2,0,0,0,0,0,0,3,0,0,0,1,4,3,2,0,0,0,0,0,0,3,0,0,3
1,13,0,0,0,0,5,0,0,0,8,0,0,0,0,0,0,0,0,0,0,0,91,0,0,0
0,0,0,0,0,0,2,12,0,0,0,0,0,0,0,0,0,0,0,0,0,0,0,0,0,0
0,0,0,0,0,0,1,3,1,0,0,0,0,0,0,0,0,0,0,0,0,0,0,0,0,0
0,0,0,0,0,0,0,0,0,0,0,0,0,0,0,0,0,0,0,0,0,0,0,0,0,0
0,0,0,0,0,0,0,0,0,0,0,0,0,0,0,0,0,0,0,0,0,0,0,0,0,0
0,0,0,0,0,0,0,0,0,0,0,0,0,0,0,0,0,0,0,0,0,0,0,0,0,0
0,0,0,0,0,0,1,0,0,0,2,0,0,0,0,0,0,0,0,0,0,0,0,0,4,0
0,0,0,0,0,0,0,0,1,0,0,0,0,0,0,0,0,0,0,0,0,0,0,0,0,0
