8,7,10,0,0,0,0,0,9,3,0,0,0,0,0,0,10,10,0,0,0,0,15,0,0,0
5,15,1,3,8,0,4,1,10,8,1,0,2,2,0,1,2,8,0,2,2,0,19,3,6,4
2,58,0,16,58,0,1,1,15,5,0,0,0,0,0,0,0,0,0,1,0,0,166,24,71,66
6,5,1,5,5,0,3,0,3,1,0,0,0,0,0,0,0,0,0,0,0,0,0,0,0,2
11,3,3,0,0,0,1,0,1,0,0,0,0,1,0,0,0,0,0,0,0,0,0,0,0,0
2,2,0,3,7,0,274,0,0,0,3,0,3,0,0,120,0,109,0,0,3,0,8,6,0,0
3,9,0,0,0,0,0,0,8,0,0,0,0,0,0,0,0,0,0,0,1,0,8,0,0,0
4,0,0,0,0,0,0,0,0,0,0,0,0,0,0,0,0,0,0,0,0,0,0,1,0,0
0,0,0,0,0,0,0,0,0,0,0,0,0,0,0,0,0,0,0,0,0,0,0,0,0,0
0,0,0,0,0,0,0,0,0,0,0,0,0,0,0,0,0,0,0,0,0,0,0,0,0,0
0,0,0,0,0,0,0,0,0,0,0,0,0,0,0,0,0,0,0,0,0,0,0,0,0,0
1,0,0,0,0,0,0,0,0,5,0,0,0,0,0,0,0,0,0,0,0,0,0,13,1,0
0,0,0,0,0,0,1,0,1,0,0,0,0,1,0,0,0,0,0,0,0,0,0,0,0,0
