2,0,0,0,7,0,0,0,14,3,0,1,0,0,0,0,0,0,18,0,0,1,0,0,0,6
1,0,0,0,1,0,4,1,5,3,1,2,0,0,0,0,0,0,14,0,6,6,1,1,1,3
3,0,0,0,0,0,17,1,0,0,0,1,0,0,0,0,0,0,1,0,5,5,1,1,1,0
5,0,0,0,1,0,7,0,5,6,1,5,0,2,0,0,0,0,6,0,0,0,0,0,0,0
1,0,0,0,0,0,8,0,3,1,0,1,0,1,0,0,0,0,0,0,0,0,0,0,0,0
0,0,0,0,0,0,201,0,0,0,0,0,0,0,0,0,0,0,3,0,131,5,0,0,0,3
0,0,0,0,0,0,0,0,1,0,0,0,0,0,0,0,0,0,0,0,0,0,0,0,0,1
0,0,0,0,0,0,0,0,0,0,0,0,0,0,0,0,0,0,0,0,0,0,0,0,0,0
0,0,0,0,0,0,0,0,0,0,0,0,0,0,0,0,0,0,0,0,0,0,0,0,0,0
0,0,0,0,0,0,0,0,0,0,0,0,0,0,0,0,0,0,0,0,0,0,0,0,0,0
0,0,0,0,0,0,0,0,0,0,0,0,0,0,0,0,0,0,0,0,0,0,0,0,0,0
0,0,0,0,0,0,0,0,0,0,0,0,0,0,0,0,0,0,0,0,0,0,0,2,1,0
0,0,0,0,0,0,0,0,0,0,0,0,0,0,0,0,0,0,0,0,0,0,0,0,0,0
