2,16,0,10,3,0,0,2,0,0,0,0,0,0,0,0,7,14,2,0,0,0,6,0,0,0
0,5,2,0,0,0,0,2,1,9,9,0,0,1,3,0,4,19,2,0,0,2,5,2,9,1
0,0,3,0,0,0,0,3,2,42,40,0,0,0,0,0,0,0,0,0,0,0,0,0,43,28
0,11,0,4,4,0,0,3,3,0,2,0,0,1,2,0,0,17,0,0,0,8,4,0,8,0
0,5,0,2,2,0,0,5,2,0,0,0,0,1,0,0,1,1,0,0,0,0,0,0,3,0
0,0,2,0,6,0,0,4,0,106,266,5,0,167,89,0,2,2,0,0,0,0,63,46,0,0
0,4,0,0,0,0,0,0,0,0,0,0,0,0,0,0,0,1,0,0,0,0,0,3,5,0
1,0,0,0,0,0,0,0,0,0,0,0,0,1,2,0,0,0,0,0,0,0,0,2,0,0
0,0,0,0,0,0,0,0,0,0,0,0,0,0,0,0,0,0,0,0,0,0,0,0,0,0
0,0,0,0,0,0,0,0,0,0,0,0,0,0,0,0,0,0,0,0,0,0,0,0,0,0
0,0,0,0,0,0,0,0,0,0,0,0,0,0,0,0,0,0,1,0,0,0,0,0,0,0
0,0,0,0,0,0,0,1,0,1,2,0,0,0,0,0,0,0,0,0,0,0,0,0,3,0
0,0,0,0,0,0,0,0,0,0,0,1,0,0,0,0,0,0,0,0,0,0,0,0,0,0
