0,9,0,0,0,1,14,0,0,0,0,0,4,0,3,7,0,5,0,0,18,12,10,3,0,0
5,4,0,0,0,9,24,0,4,0,6,1,10,0,15,2,0,3,0,0,6,6,7,1,0,13
0,0,0,0,0,1,44,0,0,0,18,48,17,0,0,0,0,0,0,0,0,0,0,0,0,213
0,1,0,0,0,4,17,2,3,0,1,3,0,0,16,3,0,0,0,0,1,2,1,3,0,8
0,1,0,0,0,0,4,2,0,0,0,0,3,0,0,0,0,0,0,0,0,1,0,0,0,0
0,0,0,0,0,1,4,0,0,0,0,0,0,0,1,0,0,0,0,0,0,6,16,6,0,0
0,0,0,0,0,7,22,0,0,0,0,0,3,0,7,0,0,0,0,0,3,0,1,0,0,0
0,0,0,0,0,0,0,1,0,0,0,0,2,0,0,0,0,0,0,0,0,0,0,0,0,0
0,0,0,0,0,0,0,0,0,0,0,0,0,0,0,0,0,0,0,0,0,0,0,0,0,0
0,0,0,0,0,0,0,0,0,0,0,0,0,0,0,0,0,0,0,0,0,0,0,0,0,0
0,0,0,0,0,0,0,0,0,0,0,0,0,0,0,0,0,0,0,0,0,0,0,0,0,0
0,0,0,0,0,0,0,0,0,0,0,4,0,0,0,0,0,0,0,0,0,0,0,0,0,1
0,0,0,0,0,0,0,0,0,0,0,0,1,0,0,0,0,0,0,0,0,0,0,0,0,0
