0,12,0,3,0,0,0,0,0,0,0,0,0,0,0,17,0,0,0,0,0,0,4,0,0,0
0,8,0,1,0,0,2,0,3,4,0,0,0,1,1,15,0,0,0,0,1,0,2,0,3,0
0,0,0,0,0,0,3,1,85,2,5,1,0,0,0,0,0,0,0,0,6,0,0,0,3,0
0,4,0,3,0,0,5,3,3,0,1,0,0,3,0,20,2,0,0,0,14,1,4,0,4,0
0,0,0,0,0,0,5,4,2,0,1,0,0,2,0,16,3,0,0,0,6,2,1,0,1,0
0,0,0,0,0,0,0,10,0,0,0,0,0,0,0,0,0,0,0,0,505,0,5,0,39,0
0,0,0,0,0,0,0,0,0,0,0,0,0,0,2,5,0,0,0,0,0,0,0,0,0,0
0,0,0,0,0,0,0,0,0,0,0,0,0,0,0,0,0,0,0,0,1,0,0,0,0,0
0,0,0,0,0,0,0,0,0,0,0,0,0,0,0,0,0,0,0,0,0,0,0,0,0,0
0,0,0,0,0,0,0,0,0,0,0,0,0,0,0,0,0,0,0,0,0,0,0,0,0,0
0,0,0,0,0,0,0,0,0,0,0,0,0,0,0,0,0,0,0,0,0,0,0,0,0,0
0,0,0,0,0,0,2,0,0,0,5,0,0,0,0,0,0,0,0,0,0,0,0,0,3,0
0,0,0,0,0,0,0,0,0,0,0,0,0,1,0,0,0,0,0,0,0,0,0,0,0,0
