0,18,0,0,0,0,3,0,0,1,0,0,0,0,0,14,0,15,0,0,0,0,4,0,0,1
0,7,0,0,1,0,0,0,0,9,6,1,0,0,1,10,0,1,0,0,0,2,4,2,3,1
0,0,0,0,0,0,0,0,0,13,95,63,0,0,0,0,0,0,0,0,0,1,0,30,95,90
0,10,0,0,2,0,2,5,2,9,4,2,0,0,1,3,0,1,0,0,0,1,3,1,3,6
0,7,0,0,0,0,2,1,1,8,0,1,0,0,1,0,0,7,0,0,0,0,0,0,0,2
0,3,0,0,0,0,0,0,8,7,1,0,0,0,0,10,0,0,0,0,0,0,12,0,0,0
0,0,0,0,0,0,0,0,0,0,8,0,0,0,0,0,0,0,0,0,0,1,0,0,0,0
0,0,0,0,0,0,0,0,0,0,0,0,0,0,0,0,0,0,0,0,0,0,0,0,0,0
0,0,0,0,0,0,0,0,0,0,0,0,0,0,0,0,0,0,0,0,0,0,0,0,0,0
0,0,0,0,0,0,0,0,0,0,0,0,0,0,0,0,0,0,0,0,0,0,0,0,0,0
0,0,0,0,0,0,0,0,0,0,0,0,0,0,0,0,0,0,0,0,0,0,0,0,0,0
0,0,0,0,0,0,0,0,0,10,0,0,0,0,0,0,0,0,0,0,0,0,0,0,2,0
0,0,0,0,0,0,0,0,0,0,0,0,0,0,0,0,0,0,0,0,0,0,0,0,0,0
