4,11,1,2,2,0,0,0,0,0,0,0,0,0,0,23,0,0,0,0,0,2,10,0,0,1
0,29,5,0,0,0,4,2,4,4,0,0,1,0,9,7,0,0,0,0,0,0,6,7,2,3
0,106,37,0,0,0,4,6,2,5,0,0,0,0,0,0,0,0,0,0,0,0,44,123,7,18
0,9,3,1,0,0,10,2,0,0,0,0,0,0,0,3,0,0,0,0,1,0,0,7,5,3
0,1,0,1,0,0,4,2,0,0,0,0,1,0,0,0,0,0,0,0,0,0,0,1,1,1
0,3,0,0,0,0,2,0,0,200,0,0,0,0,0,0,0,0,0,0,0,0,6,0,0,89
0,0,0,0,0,0,10,0,0,0,0,0,1,0,0,0,0,0,0,0,0,0,0,0,0,0
0,0,0,0,0,0,0,0,0,0,0,0,0,0,0,0,0,0,0,0,0,0,0,0,0,0
0,0,0,0,0,0,0,0,0,0,0,0,0,0,0,0,0,0,0,0,0,0,0,0,0,0
0,0,0,0,0,0,0,0,0,0,0,0,0,0,0,0,0,0,0,0,0,0,0,0,0,0
0,0,0,0,0,0,0,0,0,0,0,0,0,0,0,0,0,0,0,0,0,0,0,0,0,0
0,4,0,0,0,0,0,0,2,4,0,0,0,0,0,0,0,0,0,0,0,0,0,0,1,0
0,0,0,0,0,0,0,0,0,0,0,0,0,0,0,0,0,0,0,0,0,0,0,0,0,0
