0,16,0,5,2,0,9,2,4,0,0,0,0,4,12,6,0,1,0,0,0,0,9,0,2,0
5,22,2,7,8,0,18,15,9,2,3,0,0,7,15,3,0,2,9,0,14,2,11,4,10,14
0,0,0,0,16,0,57,4,4,3,3,0,0,0,0,0,0,0,21,0,39,0,0,1,33,133
5,2,0,2,8,0,6,3,0,0,0,0,0,3,0,0,0,0,0,0,4,0,4,0,5,5
0,0,0,0,0,0,0,1,1,0,0,0,0,2,0,0,0,0,0,0,0,0,0,0,0,1
8,0,0,5,0,0,12,4,0,0,0,0,0,1,0,0,0,0,0,0,64,0,7,9,2,7
0,1,0,0,0,0,4,1,0,0,0,0,0,0,0,0,0,0,0,0,3,0,0,0,0,0
1,0,0,0,0,0,1,0,0,0,0,0,0,0,0,0,0,0,2,0,1,0,0,0,0,0
0,0,0,0,0,0,0,0,0,0,0,0,0,0,0,0,0,0,0,0,0,0,0,0,0,0
0,0,0,0,0,0,0,0,0,0,0,0,0,0,0,0,0,0,0,0,0,0,0,0,0,0
0,0,0,0,0,0,0,0,0,0,0,0,0,0,0,0,2,0,0,0,0,0,0,0,0,0
0,0,0,0,5,0,0,2,0,0,4,0,0,0,0,0,0,0,0,0,0,0,0,0,2,0
0,0,0,0,0,0,0,2,0,0,0,0,0,0,0,0,0,0,0,0,0,0,0,0,0,0
