0,4,0,0,0,5,6,0,0,0,0,0,0,5,5,6,0,0,0,0,0,0,6,0,0,0
0,0,0,0,0,0,1,0,2,5,3,0,0,5,2,4,0,0,0,0,0,2,3,0,0,3
0,0,0,0,0,0,0,0,0,59,35,0,0,0,0,0,0,0,0,0,0,0,0,0,0,17
0,1,0,0,0,1,3,0,0,1,0,0,1,9,1,2,0,0,0,0,1,0,0,0,0,0
0,2,0,0,0,1,3,0,1,0,0,0,1,5,0,0,0,0,0,0,1,0,0,0,0,0
0,0,0,0,0,0,9,0,0,0,0,0,0,5,0,1,0,0,0,0,65,0,8,0,0,0
0,0,0,0,0,0,0,0,2,0,0,0,0,9,0,1,0,0,0,0,0,6,0,0,0,0
0,0,0,0,0,0,0,0,0,0,0,0,0,0,0,0,0,0,0,0,0,0,0,0,0,0
0,0,0,0,0,0,0,0,0,0,0,0,0,0,0,0,0,0,0,0,0,0,0,0,0,0
0,0,0,0,0,0,0,0,0,0,0,0,0,0,0,0,0,0,0,0,0,0,0,0,0,0
0,0,0,0,0,0,0,0,0,0,0,0,0,0,0,0,0,0,0,0,0,0,0,0,0,0
0,0,0,0,0,0,0,0,0,3,0,0,0,0,0,0,0,0,0,0,0,0,0,0,0,2
0,0,0,0,0,0,0,0,0,0,0,0,0,0,0,0,0,0,0,0,0,0,0,0,0,0
