0,0,13,0,0,0,0,0,0,5,0,0,0,0,0,0,11,6,0,0,0,0,0,0,0,1
6,0,5,2,0,2,1,0,5,2,4,22,8,1,0,0,2,4,0,0,0,3,3,0,4,1
0,0,0,1,0,2,1,0,28,0,27,17,0,0,0,0,0,0,0,0,0,1,0,0,3,1
0,0,2,0,0,0,0,0,0,0,0,0,0,0,0,0,0,0,0,0,0,0,1,0,0,3
0,0,0,0,0,0,0,0,1,0,0,0,3,0,0,0,0,0,0,0,0,0,2,0,0,2
2,0,0,2,0,7,0,0,0,0,0,8,0,0,0,0,0,5,0,0,0,1,0,0,0,0
0,0,0,0,0,0,0,0,0,0,0,0,0,3,0,0,0,0,0,0,0,3,4,0,0,0
0,0,0,0,0,0,0,0,0,0,0,0,0,0,0,0,0,0,0,0,0,0,0,0,0,0
0,0,0,0,0,0,0,0,0,0,0,0,0,0,0,0,0,0,0,0,0,0,0,0,0,0
0,0,0,0,0,0,0,0,0,0,0,0,0,0,0,0,0,0,0,0,0,0,0,0,0,0
0,0,0,0,0,0,0,0,0,0,0,0,0,0,0,0,0,0,0,0,0,0,0,0,0,0
0,0,0,0,0,0,0,0,0,0,0,5,0,0,0,0,0,0,0,0,0,0,0,0,5,0
0,0,0,0,0,0,0,0,0,0,0,0,2,0,0,0,0,0,0,0,0,0,0,0,0,0
