0,14,0,0,0,0,0,3,3,0,0,0,0,0,1,5,0,5,0,0,0,3,0,0,0,1
0,2,0,0,0,0,0,3,5,5,1,6,8,1,10,2,0,6,3,0,0,12,1,1,1,1
0,0,0,0,0,0,0,1,1,50,1,253,0,0,0,0,0,0,2,0,0,0,0,0,1,0
0,0,0,0,0,0,0,2,1,0,0,0,0,5,6,1,0,4,3,0,0,6,2,1,0,1
0,0,0,0,0,0,0,1,2,0,0,0,0,8,0,0,0,0,0,0,0,3,0,0,0,1
0,0,0,0,0,0,0,0,0,0,0,0,0,0,0,0,0,0,0,0,0,0,4,3,0,0
0,0,0,0,0,0,0,0,0,0,0,0,0,0,0,0,0,6,0,0,0,4,0,0,0,0
0,0,0,0,0,0,0,0,0,0,0,0,0,0,0,0,0,0,0,0,0,0,0,0,0,0
0,0,0,0,0,0,0,0,0,0,0,0,0,0,0,0,0,0,0,0,0,0,0,0,0,0
0,0,0,0,0,0,0,0,0,0,0,0,0,0,0,0,0,0,0,0,0,0,0,0,0,0
0,0,0,0,0,0,0,0,0,0,0,0,0,0,0,0,0,0,0,0,0,0,0,0,0,0
0,0,0,0,0,0,0,0,0,0,1,0,0,0,0,0,0,0,0,0,0,0,0,0,1,0
0,0,0,0,0,0,0,0,1,0,0,0,0,0,0,0,0,0,0,0,0,0,0,0,0,0
