0,6,0,0,0,0,0,0,0,3,0,0,0,0,0,2,0,0,12,0,0,0,5,0,1,0
0,6,0,0,0,0,0,9,4,19,10,4,0,0,6,2,0,2,37,0,0,9,7,0,2,0
0,0,0,0,0,0,0,1,3,36,1,0,0,0,0,1,0,0,0,0,0,0,0,0,1,0
0,1,0,0,0,0,0,2,0,4,0,0,0,0,0,2,0,0,2,0,3,0,2,0,4,0
0,1,0,0,0,0,0,1,0,5,0,0,0,0,0,1,0,1,2,0,0,0,0,0,0,0
0,0,0,0,0,0,0,198,0,10,0,0,0,0,0,9,0,5,0,0,0,0,3,0,0,0
0,1,0,0,0,0,0,0,0,1,0,0,0,0,0,0,0,0,0,0,0,0,0,0,0,0
0,0,0,0,0,0,0,0,0,0,0,0,0,0,0,0,0,0,0,0,0,0,0,0,0,0
0,0,0,0,0,0,0,0,0,0,0,0,0,0,0,0,0,0,0,0,0,0,0,0,0,0
0,0,0,0,0,0,0,0,0,0,0,0,0,0,0,0,0,0,0,0,0,0,0,0,0,0
0,0,0,0,0,0,0,0,0,2,0,0,0,0,0,0,0,0,0,0,0,0,0,0,0,0
0,0,0,0,0,0,0,0,0,2,1,0,0,0,0,0,0,0,0,0,0,0,0,0,0,0
0,0,0,0,0,0,0,1,0,2,0,0,0,0,0,0,0,0,0,0,0,0,0,0,0,0
