0,17,0,0,0,0,0,0,0,0,0,0,10,0,0,26,0,0,0,1,0,0,15,0,0,2
0,6,0,0,0,0,4,9,21,2,3,0,9,1,5,4,0,0,0,5,0,0,10,1,1,2
0,0,0,0,0,0,7,7,190,4,3,0,0,0,0,0,0,0,0,0,0,0,1,1,1,0
0,0,0,0,0,0,0,0,8,3,1,0,9,0,0,0,0,0,0,0,0,0,3,0,1,6
0,0,0,0,0,0,0,1,2,0,0,0,3,0,1,0,0,0,0,2,0,0,0,0,0,3
0,0,0,0,0,0,0,1,0,0,0,0,0,8,0,3,0,0,0,0,0,0,6,0,0,0
0,0,0,0,0,0,0,0,0,0,0,0,0,0,0,0,0,0,0,1,0,0,0,0,0,0
0,0,0,0,0,0,0,0,0,0,0,0,0,0,0,0,0,0,0,0,0,0,0,0,0,0
0,0,0,0,0,0,0,0,0,0,0,0,0,0,0,0,0,0,0,0,0,0,0,0,0,0
0,0,0,0,0,0,0,0,0,0,0,0,0,0,0,0,0,0,0,0,0,0,0,0,0,0
0,0,0,0,0,0,0,0,0,0,0,0,0,0,0,0,0,0,0,0,0,0,0,0,0,0
0,0,0,0,0,0,0,0,0,2,3,0,0,0,0,0,0,0,0,0,0,0,0,1,1,0
0,0,0,0,0,0,0,0,0,0,0,0,0,0,0,0,0,0,0,0,0,0,0,0,0,0
