1,0,9,0,0,0,0,0,0,0,0,0,0,0,0,8,9,11,0,0,0,1,0,0,0,0
3,0,11,2,0,3,7,0,5,2,0,4,0,4,1,10,3,7,1,5,6,7,3,19,9,4
13,0,19,0,0,78,47,0,2,6,10,0,0,0,0,0,0,5,0,0,68,27,0,25,19,11
2,0,6,1,0,5,3,0,1,0,1,0,0,2,2,6,0,4,0,0,1,0,0,1,1,0
1,0,0,0,0,0,0,0,4,0,1,2,0,3,0,1,0,0,0,0,0,0,0,0,2,0
0,0,12,2,0,132,0,0,0,0,0,8,0,106,0,0,0,59,0,0,0,35,6,16,0,50
0,0,0,1,0,0,0,0,0,0,0,0,0,0,3,6,0,0,0,0,2,0,0,4,13,0
0,0,0,0,0,0,1,0,0,0,0,0,0,0,0,0,0,0,0,0,0,2,0,1,1,1
0,0,0,0,0,0,0,0,0,0,0,0,0,0,0,0,0,0,0,0,0,0,0,0,0,0
0,0,0,0,0,0,0,0,0,0,0,0,0,0,0,0,0,0,0,0,0,0,0,0,0,0
1,0,0,0,0,0,0,0,0,0,0,0,0,0,0,0,0,0,0,0,0,0,0,0,0,0
0,0,0,0,0,0,3,0,3,3,0,0,0,0,0,0,0,0,0,0,0,1,0,13,0,1
0,0,0,0,0,0,0,0,2,0,0,0,0,0,0,0,0,0,0,0,0,0,0,0,0,0
