0,0,0,0,16,0,1,2,6,0,1,0,0,5,0,0,0,0,10,0,0,0,0,0,0,19
0,0,0,6,9,4,3,13,3,0,15,3,0,1,0,0,0,0,2,0,0,1,0,0,0,10
0,0,0,1,1,28,21,30,0,0,57,2,0,0,0,0,0,0,0,0,0,0,0,0,0,79
0,0,0,9,19,0,5,8,1,0,10,2,0,1,0,0,0,1,1,1,2,2,0,0,2,1
0,0,0,3,11,0,3,8,4,0,3,3,0,5,0,0,0,2,1,3,5,5,0,0,6,2
0,0,0,22,3,0,0,0,0,0,286,38,0,0,0,0,0,0,0,0,0,0,0,0,0,7
0,0,0,0,2,0,0,0,0,0,0,0,1,0,0,0,0,0,0,0,0,0,0,0,0,0
0,0,0,2,2,1,1,1,0,0,1,1,0,1,0,0,0,0,0,0,0,0,0,1,0,2
0,0,0,0,0,0,0,0,0,0,0,0,0,0,0,0,0,0,0,0,0,0,0,0,0,0
0,0,0,0,0,0,0,0,0,0,0,0,0,0,0,0,0,0,0,0,0,0,0,0,0,0
0,0,0,0,0,0,0,0,0,0,0,0,0,0,0,0,0,0,0,0,0,0,0,0,0,0
0,0,0,0,0,0,3,0,0,0,1,2,0,0,0,0,0,0,0,0,0,0,0,0,0,6
0,0,0,0,2,0,0,2,0,0,0,1,0,0,0,0,0,0,0,0,0,0,0,0,0,0
