1,13,0,0,0,0,0,3,0,2,0,0,0,0,1,23,0,0,0,0,0,0,2,0,3,0
9,4,0,0,0,0,0,7,2,18,1,4,1,0,7,2,0,3,2,0,0,2,1,0,6,1
1,0,0,0,0,0,0,0,17,96,1,24,22,0,9,0,0,44,70,0,0,0,0,0,3,14
1,7,0,0,0,0,0,5,1,2,0,0,0,0,1,0,3,3,1,0,0,0,0,0,2,0
0,2,0,0,0,0,0,4,3,6,0,0,0,0,1,0,5,3,0,0,0,0,0,0,2,0
2,0,0,0,0,0,0,5,0,18,0,27,0,0,0,0,0,0,0,0,0,0,4,0,0,0
0,0,0,0,0,0,0,0,0,0,0,0,3,0,0,0,0,2,0,0,0,2,0,0,0,0
1,1,0,0,0,0,0,0,0,0,0,0,0,0,0,0,0,0,0,0,0,0,0,0,0,1
0,0,0,0,0,0,0,0,0,0,0,0,0,0,0,0,0,0,0,0,0,0,0,0,0,0
0,0,0,0,0,0,0,0,0,0,0,0,0,0,0,0,0,0,0,0,0,0,0,0,0,0
0,0,0,0,0,0,0,0,0,0,0,0,0,0,0,0,0,0,0,0,0,0,0,0,0,0
0,0,0,0,0,0,0,0,0,0,6,0,0,0,0,0,0,0,0,0,0,0,0,0,3,0
0,0,0,0,0,0,0,0,0,0,0,0,0,0,0,0,0,0,0,0,0,0,0,0,0,0
