2,12,0,0,0,0,0,0,10,1,0,0,0,0,0,18,0,0,0,0,0,0,2,0,0,7
12,6,0,0,0,1,2,0,10,19,0,0,0,2,6,5,0,0,0,0,0,0,1,0,5,10
1,0,0,0,0,3,178,0,0,9,0,0,0,0,0,0,0,0,0,0,0,0,0,0,1,1
18,7,1,0,0,1,4,0,11,14,0,0,0,1,1,1,0,0,0,0,0,0,0,0,0,8
2,0,0,0,0,0,0,0,3,5,0,0,0,0,1,1,0,0,0,0,0,0,0,0,0,6
29,0,0,0,0,0,0,0,0,18,0,0,0,191,0,0,0,0,0,0,0,0,5,0,0,63
0,0,0,0,0,0,0,0,0,13,0,0,0,3,0,1,0,0,0,0,0,0,0,0,0,0
0,0,0,0,0,0,0,0,1,0,0,0,0,0,0,0,0,0,0,0,0,0,0,0,0,1
0,0,0,0,0,0,0,0,0,0,0,0,0,0,0,0,0,0,0,0,0,0,0,0,0,0
0,0,0,0,0,0,0,0,0,0,0,0,0,0,0,0,0,0,0,0,0,0,0,0,0,0
0,0,0,0,0,0,0,0,0,0,0,0,0,0,0,0,0,0,0,0,0,0,0,0,0,0
0,0,0,0,0,0,0,0,0,2,0,0,0,0,0,0,0,0,0,0,0,0,0,0,0,1
0,0,0,0,0,0,0,0,0,0,0,0,0,0,0,0,0,0,0,0,0,0,0,0,0,0
