0,32,2,8,0,0,0,1,11,2,0,0,0,1,9,10,0,0,0,0,0,3,4,0,0,0
0,12,7,3,0,0,9,9,6,3,6,12,0,2,8,5,0,0,0,2,0,8,2,2,3,9
0,0,0,0,0,0,66,82,1,30,12,47,0,0,0,0,0,0,0,55,0,0,0,0,13,50
0,11,0,3,0,0,15,4,6,1,0,7,0,1,5,1,0,0,0,0,0,0,0,1,1,0
0,2,0,1,0,0,4,0,3,1,0,3,0,1,1,1,0,0,0,0,0,1,0,0,1,0
0,0,0,0,0,0,2,5,0,0,0,1,0,0,1,2,0,0,0,0,0,14,6,2,0,0
0,0,0,0,0,0,10,0,0,0,0,0,0,3,5,0,0,0,0,0,0,8,0,0,0,0
1,0,0,0,0,0,1,0,0,0,0,0,0,0,0,0,0,0,0,0,0,0,0,0,0,0
0,0,0,0,0,0,0,0,0,0,0,0,0,0,0,0,0,0,0,0,0,0,0,0,0,0
0,0,0,0,0,0,0,0,0,0,0,0,0,0,0,0,0,0,0,0,0,0,0,0,0,0
0,1,0,0,0,0,0,0,0,0,0,0,0,0,0,0,0,0,0,0,0,0,0,0,0,0
0,0,0,0,0,0,0,0,0,0,0,2,0,0,0,0,0,0,0,0,0,0,0,0,5,0
0,0,0,0,0,0,0,0,0,1,0,0,0,0,0,0,0,0,0,0,0,0,0,0,0,0
