0,15,2,0,3,3,0,4,0,0,0,0,0,0,3,7,0,0,0,0,0,5,10,0,0,0
0,39,5,0,0,5,2,1,2,0,0,7,0,3,0,2,0,0,0,0,1,6,8,6,0,1
0,1,1,0,0,2,62,0,24,0,0,4,0,0,0,0,0,0,0,0,0,1,0,6,1,1
0,1,2,0,0,7,10,3,5,1,2,4,0,3,0,0,0,0,0,0,6,0,7,2,1,1
0,0,0,0,1,4,0,2,5,1,0,4,0,3,0,0,0,0,0,0,2,4,4,0,1,2
0,1,6,0,0,77,0,0,0,0,0,0,0,0,0,2,0,0,0,0,0,4,15,0,0,0
0,2,0,0,0,0,0,0,0,0,0,0,0,4,0,0,0,0,0,0,3,0,0,0,0,0
0,1,1,0,1,0,1,0,1,0,0,0,0,0,1,0,0,0,0,0,1,0,1,0,0,0
0,0,0,0,0,0,0,0,0,0,0,0,0,0,0,0,0,0,0,0,0,0,0,0,0,0
0,0,0,0,0,0,0,0,0,0,0,0,0,0,0,0,0,0,0,0,0,0,0,0,0,0
0,0,0,0,0,0,0,0,0,0,0,0,0,0,0,0,0,0,0,0,0,0,0,0,0,0
0,0,0,0,0,0,0,0,0,0,0,5,0,0,0,0,0,0,0,0,0,0,0,6,0,2
0,0,0,0,2,0,0,0,1,1,0,1,0,1,0,0,0,0,0,0,0,0,0,0,0,0
