0,0,9,0,0,0,0,0,4,4,0,0,0,0,0,0,27,0,0,0,0,0,2,0,0,0
0,2,0,0,0,0,0,0,18,4,0,0,0,0,19,3,8,0,0,0,0,2,8,13,1,0
0,0,0,0,0,0,0,0,29,3,0,0,0,0,0,0,0,0,0,0,0,0,0,36,1,0
0,0,2,1,0,0,0,2,12,6,0,0,0,0,10,3,2,0,0,0,0,0,3,0,0,0
0,0,2,1,0,0,0,1,4,3,0,0,0,0,1,0,0,0,0,0,0,0,0,0,0,0
0,10,0,58,0,0,0,0,0,0,0,0,0,0,98,0,4,0,0,0,0,0,4,0,0,0
0,0,0,0,0,0,0,0,0,0,0,0,0,0,0,0,0,0,0,0,0,0,0,0,0,0
0,0,0,0,0,0,0,0,0,0,0,0,0,0,0,0,0,0,0,0,0,0,0,0,0,0
0,0,0,0,0,0,0,0,0,0,0,0,0,0,0,0,0,0,0,0,0,0,0,0,0,0
0,0,0,0,0,0,0,0,0,0,0,0,0,0,0,0,0,0,0,0,0,0,0,0,0,0
0,0,0,0,0,0,0,0,0,0,0,0,0,0,0,0,0,0,0,0,0,0,0,0,0,0
0,0,0,0,0,0,0,8,0,6,0,0,0,0,0,0,0,0,0,0,0,0,0,7,1,0
0,0,0,0,0,0,0,1,0,0,0,0,0,0,8,0,0,0,0,0,0,0,0,0,0,0
