3,0,14,0,0,0,0,2,0,12,0,0,0,0,0,0,18,10,0,0,0,0,7,0,5,3
13,0,1,1,0,0,0,2,1,6,3,7,0,3,0,0,6,2,4,0,0,10,3,16,6,10
2,0,0,0,0,0,0,0,20,3,7,45,0,2,0,0,0,0,1,0,0,1,0,118,4,45
25,3,3,3,0,0,0,0,4,1,0,2,0,0,2,0,7,5,6,0,0,4,0,2,3,9
19,1,3,1,0,0,0,0,1,2,0,1,0,0,0,0,2,1,1,0,0,0,0,0,0,4
97,2,0,14,0,0,0,0,247,0,2,0,0,164,0,0,39,5,0,0,0,16,2,1,0,0
0,0,0,0,0,0,0,5,0,0,0,0,0,3,0,0,2,0,6,0,0,3,2,0,3,0
2,0,0,0,0,0,0,0,4,2,0,1,0,0,0,0,0,0,0,0,0,2,1,0,1,1
0,0,0,0,0,0,0,0,0,0,0,0,0,0,0,0,0,0,0,0,0,0,0,0,0,0
0,2,0,0,0,0,0,0,0,0,0,0,0,0,0,0,0,0,0,0,0,0,0,0,0,0
0,0,0,0,0,0,0,0,0,0,0,0,0,0,0,0,0,0,0,0,0,0,0,0,0,0
0,0,0,0,0,0,0,0,0,4,0,0,0,0,0,0,0,0,1,0,0,0,0,0,0,3
0,0,0,0,0,0,0,0,0,0,0,0,0,0,0,0,0,0,0,0,0,0,0,0,0,0
