0,19,9,11,8,0,0,0,17,0,1,0,0,0,0,15,0,0,0,7,0,0,15,0,0,8
0,4,14,3,10,0,0,0,9,3,8,3,0,1,0,7,0,0,0,8,0,0,8,1,4,6
0,0,2,1,0,0,0,0,2,5,82,2,0,0,0,0,0,0,0,0,0,0,0,0,1,3
0,8,8,1,10,3,0,0,10,0,0,0,0,0,0,8,0,0,0,2,0,0,0,1,0,13
0,4,9,1,0,1,0,0,0,0,0,0,0,1,0,3,0,0,0,0,0,0,0,7,0,9
0,0,0,2,0,136,0,0,0,0,66,0,0,0,0,0,0,0,0,0,0,0,8,0,3,0
0,1,0,0,0,0,0,0,0,0,0,0,0,0,0,0,0,0,0,0,0,0,3,0,0,0
0,0,0,0,0,0,0,0,0,0,0,0,0,0,0,0,0,0,0,0,0,0,0,0,0,0
0,0,0,0,0,0,0,0,0,0,0,0,0,0,0,0,0,0,0,0,0,0,0,0,0,0
0,0,0,0,0,0,0,0,0,0,0,0,0,0,0,0,0,0,0,0,0,0,0,0,0,0
0,0,0,0,0,0,0,0,0,0,0,0,0,0,0,0,0,0,0,0,0,0,0,0,0,0
0,0,0,0,0,0,0,0,3,7,0,0,0,0,0,0,0,0,0,0,0,0,0,0,0,2
0,0,0,0,0,0,0,1,0,0,0,0,0,0,0,0,0,0,0,0,0,0,0,0,0,0
