6,18,0,0,5,10,0,0,4,3,0,0,0,6,2,13,0,5,7,0,0,2,0,8,5,7
8,5,3,0,2,10,0,2,7,27,11,19,0,18,5,2,0,6,12,3,0,0,0,7,0,4
0,1,42,0,0,0,0,2,31,130,164,0,0,0,0,3,0,45,21,155,0,0,0,0,1,5
16,5,1,0,3,5,2,2,4,23,4,1,5,19,3,4,0,2,8,6,0,2,1,6,17,7
0,2,2,0,3,1,1,1,1,4,2,0,0,3,2,5,0,1,0,4,0,1,1,2,16,5
1,1,2,0,7,16,169,229,0,3,1,172,0,0,9,0,0,78,20,54,0,0,7,2,0,5
3,0,0,0,0,3,0,0,0,9,0,0,0,5,4,0,0,0,1,0,0,0,0,0,0,0
1,1,0,0,0,5,0,1,0,1,1,1,1,1,0,0,0,0,3,0,0,0,0,3,2,1
0,0,0,0,0,0,0,0,0,0,0,0,0,0,0,0,0,0,0,0,0,0,0,0,0,0
0,0,0,0,0,0,0,0,0,0,0,0,0,0,0,0,0,0,0,0,0,0,0,0,0,0
0,0,0,0,0,0,0,0,0,0,0,0,0,0,0,0,0,0,0,0,0,0,0,0,0,0
0,0,0,0,0,0,0,1,0,1,3,0,0,0,0,0,0,0,0,0,0,0,0,0,0,2
0,0,0,0,1,0,0,0,1,0,0,0,0,2,0,0,0,0,0,0,0,0,0,0,0,0
