0,3,2,0,0,0,10,2,0,0,0,0,0,0,0,19,0,0,0,0,3,0,11,0,2,0
0,5,2,0,0,0,4,3,4,0,1,1,0,1,0,12,1,0,0,0,5,0,2,4,5,0
0,0,0,0,0,0,23,88,6,13,1,1,0,0,0,0,1,0,0,0,0,0,0,6,7,0
0,0,4,0,0,0,8,7,8,2,5,0,0,2,0,15,0,0,0,0,15,2,5,4,2,0
0,0,1,0,0,0,8,6,5,1,1,0,0,2,0,3,0,0,0,0,4,4,2,3,1,0
0,0,0,0,0,0,9,2,0,0,0,0,0,0,0,0,0,0,0,0,0,0,6,0,0,0
0,0,0,0,0,0,0,0,2,0,0,0,0,0,0,0,0,0,0,0,0,0,0,0,0,0
0,0,0,0,0,0,0,0,0,0,0,0,0,0,0,0,0,0,0,0,0,0,0,0,0,0
0,0,0,0,0,0,0,0,0,0,0,0,0,0,0,0,0,0,0,0,0,0,0,0,0,0
0,0,0,0,0,0,0,0,0,0,0,0,0,0,0,0,0,0,0,0,0,0,0,0,0,0
0,0,0,0,0,0,0,0,0,0,0,0,0,0,0,0,0,0,0,0,0,0,0,0,0,0
0,0,0,0,0,0,3,0,0,0,1,7,0,0,0,0,0,0,0,0,0,0,0,0,1,0
0,0,0,0,0,0,0,0,0,0,0,0,0,0,0,0,0,0,0,0,0,0,0,0,0,0
