0,0,13,0,0,0,2,0,1,0,0,0,0,0,0,0,18,10,0,0,8,3,0,0,0,0
0,0,6,0,0,0,1,0,5,52,2,3,1,0,1,0,6,4,0,2,4,1,0,8,3,0
0,0,0,0,0,0,0,0,0,54,16,12,0,0,0,0,0,0,0,0,0,0,0,8,16,0
0,0,7,0,0,0,6,0,1,1,0,0,0,0,2,0,1,0,0,0,10,1,1,2,0,0
0,0,1,0,0,0,1,0,5,3,0,0,1,0,5,0,4,0,0,0,10,3,1,1,0,0
0,0,0,0,0,0,13,0,0,3,0,0,0,0,0,0,0,5,0,314,19,4,6,4,0,0
0,0,0,0,0,0,0,0,0,0,0,0,0,0,0,0,0,0,0,0,0,0,0,0,0,0
0,0,0,0,0,0,0,0,0,0,0,0,0,0,0,0,0,0,0,0,1,0,1,0,0,0
0,0,0,0,0,0,0,0,0,0,0,0,0,0,0,0,0,0,0,0,0,0,0,0,0,0
0,0,0,0,0,0,0,0,0,0,0,0,0,0,0,0,0,0,0,0,0,0,0,0,0,0
0,0,0,0,0,0,0,0,0,0,0,0,0,0,0,0,0,0,0,0,0,0,0,0,0,0
0,0,0,0,0,0,0,0,0,0,0,5,0,0,0,0,0,0,0,0,0,0,0,13,1,0
0,0,0,0,0,0,0,0,1,0,0,0,0,0,0,0,0,0,0,0,0,0,0,0,0,0
