0,0,0,0,0,0,0,2,6,5,0,0,0,4,3,15,0,0,0,0,3,0,3,0,0,16
0,0,0,0,0,0,0,2,8,15,1,3,0,3,0,10,0,0,3,2,4,2,5,0,0,10
0,3,0,0,0,0,0,0,21,18,1,6,0,0,0,2,0,0,2,0,0,0,0,0,0,49
0,4,0,0,0,0,0,0,4,14,0,3,0,12,6,0,0,0,14,0,1,1,0,0,2,0
0,7,0,0,0,0,0,0,2,25,0,0,0,11,3,0,0,0,8,0,5,0,0,0,0,0
0,4,0,0,0,0,0,0,4,0,0,0,0,12,10,20,0,1,21,29,1,0,4,0,0,9
0,0,0,0,0,0,0,5,0,0,0,0,0,11,2,0,0,0,0,0,0,0,0,0,0,0
0,0,0,0,0,0,0,0,1,0,0,0,0,0,0,0,0,0,0,0,0,0,0,0,0,0
0,0,0,0,0,0,0,0,0,0,0,0,0,0,0,0,0,0,0,0,0,0,0,0,0,0
0,0,0,0,0,0,0,0,0,0,0,0,0,1,0,0,0,0,0,0,0,0,0,0,0,0
0,0,0,0,0,0,0,0,0,1,0,0,0,0,0,0,0,0,0,0,0,0,0,0,0,0
0,0,0,0,0,0,0,0,4,2,2,6,0,0,0,0,0,0,3,0,0,0,0,0,0,3
0,0,0,0,0,0,0,0,0,7,0,0,0,0,0,0,0,0,0,0,0,0,0,0,0,0
