0,12,0,10,0,0,0,0,0,0,1,1,0,0,0,4,3,8,1,0,0,0,7,0,0,0
1,0,0,0,0,0,1,0,7,3,1,10,1,0,1,2,8,10,1,0,0,0,4,1,17,7
1,0,0,0,0,0,0,0,4,2,0,17,0,0,0,0,4,0,0,0,0,0,0,1,61,23
0,2,0,2,0,0,0,0,1,0,0,2,0,0,0,0,0,0,0,0,0,0,0,0,0,0
0,3,1,2,0,0,0,0,4,0,1,3,1,0,1,0,0,1,1,0,0,0,0,0,0,1
0,0,0,0,0,0,5,0,0,2,0,4,0,0,0,0,0,0,0,0,0,0,5,0,0,0
0,0,0,0,0,0,0,0,0,0,0,0,0,0,0,0,0,0,0,0,0,0,0,0,0,0
0,0,0,0,0,0,0,0,0,0,0,0,0,0,0,0,0,0,0,0,0,0,0,0,0,0
0,0,0,0,0,0,0,0,0,0,0,0,0,0,0,0,0,0,0,0,0,0,0,0,0,0
0,0,0,0,0,0,0,0,0,0,0,0,0,0,0,0,0,0,0,0,0,0,0,0,0,0
0,0,0,0,0,0,0,0,0,0,0,0,0,0,0,0,0,0,0,0,0,0,0,0,0,0
0,0,0,0,0,0,0,0,1,2,0,0,0,0,0,0,0,0,0,0,0,0,0,0,2,0
0,0,0,0,0,0,0,0,0,0,0,0,0,0,0,0,0,0,0,0,0,0,0,0,0,0
