0,27,0,0,0,0,0,0,0,0,15,2,0,0,2,4,4,0,0,0,5,2,6,0,5,1
1,17,0,0,0,0,1,0,2,2,6,0,0,0,1,2,0,0,0,0,0,0,5,1,0,0
0,85,0,0,0,0,3,1,2,4,1,0,0,0,0,0,0,1,0,0,0,0,2,4,0,2
11,17,0,4,0,0,6,1,3,2,7,3,1,2,7,0,1,1,1,4,5,2,0,9,2,3
5,6,0,0,0,0,8,1,3,2,4,4,1,5,8,0,1,3,2,0,5,3,0,4,3,3
0,0,0,0,0,0,7,0,0,0,0,0,0,0,0,0,0,0,0,0,0,0,4,0,0,0
0,0,0,0,0,0,0,0,0,0,0,0,0,0,11,0,0,0,0,0,0,0,0,0,0,0
1,1,0,0,0,0,0,0,0,0,0,1,0,0,0,0,0,0,1,0,2,1,0,1,0,0
0,0,0,0,0,0,0,0,0,0,0,0,0,0,0,0,0,0,0,0,0,0,0,0,0,0
0,0,0,0,0,0,0,0,0,0,0,0,0,0,0,0,0,0,0,0,0,0,0,0,0,0
0,0,0,0,0,0,0,0,0,0,0,0,0,0,0,0,0,0,0,0,0,0,0,0,0,0
0,2,0,0,0,0,1,0,2,0,6,0,0,0,0,0,0,2,0,0,0,0,0,13,0,2
0,0,0,0,0,0,0,0,2,0,0,0,0,0,0,0,0,0,0,0,0,0,0,0,0,0
