0,0,22,0,0,0,3,0,4,0,6,0,0,0,0,16,20,12,0,0,0,0,0,0,2,0
0,0,6,0,4,0,18,0,14,6,2,4,0,1,8,4,2,5,0,0,0,2,10,1,8,0
0,0,1,0,0,0,123,0,0,1,7,1,0,0,0,0,0,0,0,0,0,60,111,2,14,0
2,0,3,0,0,0,23,0,4,2,4,0,0,2,0,8,4,2,0,0,0,2,1,0,2,0
0,0,2,0,0,0,7,0,5,1,8,0,0,1,0,5,8,4,0,0,0,2,1,0,1,0
0,0,2,0,0,0,9,0,54,9,7,0,8,312,0,9,1,11,0,0,0,0,0,0,2,0
0,0,0,0,0,0,2,0,5,0,0,0,0,0,0,0,0,0,0,0,0,0,0,0,1,0
1,0,0,0,0,0,0,0,0,0,0,0,0,0,0,0,1,0,0,0,0,0,0,0,0,0
0,0,0,0,0,0,0,0,0,0,0,0,0,0,0,0,0,0,0,0,0,0,0,0,0,0
0,0,0,0,0,0,0,0,0,0,0,0,0,0,0,0,0,0,0,0,0,0,0,0,0,0
0,0,0,0,0,0,0,0,0,0,0,0,0,0,0,0,0,0,0,0,0,0,0,0,0,0
0,0,0,0,0,0,5,0,0,0,8,1,0,0,0,0,0,0,0,0,0,0,0,8,1,0
0,0,0,0,0,0,0,0,0,0,0,0,0,0,0,0,0,0,0,0,0,0,0,0,0,0
