0,11,0,0,0,0,0,10,0,0,2,0,0,0,0,16,0,0,0,17,6,0,8,0,0,0
0,7,0,0,0,0,0,32,2,5,0,0,0,1,2,9,0,0,1,15,5,1,4,1,1,0
0,0,0,0,0,0,0,125,2,7,0,0,0,0,1,14,0,0,0,36,1,0,0,1,1,0
0,0,0,0,0,0,0,7,1,2,1,0,0,0,1,0,0,0,0,18,8,0,1,0,0,0
0,0,0,0,0,0,0,7,0,0,3,0,0,1,0,2,0,0,0,6,3,0,1,0,0,0
0,0,0,0,0,0,0,243,78,0,0,0,0,0,0,129,0,0,0,0,0,5,86,21,0,0
0,0,0,0,0,0,0,3,0,0,0,0,0,0,5,0,0,0,0,2,0,0,0,0,0,0
0,0,0,0,0,0,0,0,0,0,0,0,0,0,0,0,0,0,0,0,0,0,0,0,0,0
0,0,0,0,0,0,0,0,0,0,0,0,0,0,0,0,0,0,0,0,0,0,0,0,0,0
0,0,0,0,0,0,0,0,0,0,0,0,0,0,0,0,0,0,0,0,0,0,0,0,0,0
0,0,0,0,0,0,0,0,0,0,0,0,0,0,0,0,0,0,0,0,0,0,0,0,0,0
0,0,0,0,0,0,0,0,0,4,0,0,0,0,0,0,0,0,0,0,0,0,0,10,1,0
0,0,0,0,0,0,0,1,0,0,0,0,0,0,0,1,0,0,0,0,0,0,0,0,0,0
