0,15,0,0,0,0,4,0,0,0,1,0,0,0,0,11,0,0,0,0,0,0,8,0,2,0
0,6,4,0,0,0,12,5,1,0,1,0,3,0,0,3,0,0,1,0,11,0,2,5,3,1
0,0,27,0,0,0,58,0,0,0,1,0,3,0,0,0,0,0,4,0,94,0,0,1,1,1
14,2,2,0,0,0,0,0,0,0,0,0,0,0,0,1,0,0,1,0,5,2,1,2,0,0
1,0,0,0,0,0,0,0,1,0,0,0,1,0,0,1,0,0,1,0,0,0,0,1,2,0
2,0,259,0,0,0,0,0,0,0,0,0,0,0,0,0,0,0,90,0,76,0,5,3,0,0
0,0,0,0,0,0,0,0,0,0,0,0,0,0,0,0,0,0,0,0,0,0,0,11,0,0
0,0,0,0,0,0,0,0,0,0,0,0,0,0,0,0,0,0,0,0,0,0,0,1,0,0
0,0,0,0,0,0,0,0,0,0,0,0,0,0,0,0,0,0,0,0,0,0,0,0,0,0
0,0,0,0,0,0,0,0,0,0,0,0,0,0,0,0,0,0,0,0,0,0,0,0,0,0
0,0,0,0,0,0,0,0,0,0,0,0,0,0,0,0,0,0,0,0,0,0,0,0,0,0
0,0,0,0,0,0,1,0,0,0,5,0,0,0,0,0,0,0,0,0,0,0,0,1,0,1
0,0,0,0,0,0,0,1,0,0,0,0,0,0,0,0,0,0,0,0,0,0,0,0,0,0
