0,0,0,4,0,0,0,0,0,0,0,0,0,0,0,14,0,0,0,0,0,0,13,0,0,0
0,0,5,0,0,0,0,12,7,3,2,0,1,1,0,7,0,9,0,0,0,0,5,0,3,0
0,0,1,2,2,0,0,125,4,6,2,0,0,0,0,0,28,9,0,0,0,0,2,0,5,0
0,0,0,8,3,0,0,6,2,0,3,0,0,0,0,0,0,0,0,0,0,0,0,0,0,0
0,0,0,14,2,0,0,1,2,0,0,0,0,1,0,0,0,0,0,0,0,0,0,0,0,0
0,0,1,6,0,0,0,1,20,0,0,0,160,0,0,1,0,0,0,0,0,0,4,0,0,0
0,0,0,0,0,0,0,0,3,0,0,0,0,0,3,2,0,0,0,0,0,0,0,0,0,0
0,0,1,10,2,0,0,1,0,0,0,0,0,0,0,0,0,0,0,0,0,0,0,0,0,0
0,0,0,0,0,0,0,0,0,0,0,0,0,0,0,0,0,0,0,0,0,0,0,0,0,0
0,0,0,0,0,0,0,0,0,0,0,0,0,0,0,0,0,0,0,0,0,0,0,0,0,0
0,0,0,0,0,0,0,0,0,0,0,0,0,0,0,0,0,0,0,0,0,0,0,0,0,0
0,0,1,1,0,0,0,0,0,0,1,0,0,0,0,0,0,5,0,0,0,0,0,0,3,0
0,0,0,0,0,0,0,0,0,0,0,0,0,0,0,0,0,0,0,0,0,0,0,0,0,0
