1,16,2,0,12,0,0,0,5,0,0,1,0,0,0,7,0,0,0,0,2,0,12,0,2,5
9,14,13,6,16,16,4,23,3,4,3,8,3,1,10,10,1,3,11,0,14,0,1,0,14,15
0,0,7,0,4,67,0,0,0,61,97,61,0,0,0,2,0,28,57,0,92,1,0,0,48,33
0,10,8,0,2,6,0,5,0,6,8,4,1,1,2,5,0,0,4,0,1,8,3,0,0,7
0,5,2,0,4,0,0,0,0,2,6,0,1,1,2,1,0,0,1,0,1,4,2,0,0,5
0,9,1,0,1,0,1,29,0,0,0,0,0,0,12,15,39,15,202,0,59,29,10,0,2,2
0,3,0,0,1,0,0,0,0,5,0,0,0,1,0,0,0,0,0,0,4,0,0,0,0,0
0,0,0,0,0,0,0,5,0,0,0,0,0,0,1,1,3,1,0,0,2,2,0,0,0,0
0,0,0,0,0,0,0,0,0,0,0,0,0,0,0,0,0,0,0,0,0,0,0,0,0,0
0,0,0,0,0,0,0,0,0,0,0,0,0,0,0,0,0,0,0,0,0,0,0,0,0,0
0,0,0,0,0,0,0,0,0,0,0,0,0,0,0,0,0,0,0,0,0,0,0,0,0,0
0,0,0,0,0,0,0,4,0,0,4,0,0,0,0,0,0,0,0,0,0,0,0,0,1,0
0,0,0,0,2,0,0,1,0,0,0,1,0,0,0,0,0,0,0,0,0,0,0,0,0,0
