2,0,0,0,23,18,0,3,3,0,3,31,22,0,0,9,1,11,10,0,2,0,4,0,1,18
0,0,0,0,9,15,0,8,11,0,6,33,22,0,0,27,6,6,7,0,0,7,7,1,3,4
0,0,0,0,0,0,0,52,453,0,5,2,647,0,0,6,0,0,1,0,0,125,378,1,1,0
2,0,7,1,11,18,0,2,8,1,6,22,14,0,6,24,6,11,3,0,2,16,17,3,16,10
0,0,0,0,3,1,0,0,1,0,3,0,0,0,2,6,3,7,0,0,1,0,3,0,7,2
0,0,1,0,2,6,0,1,0,0,0,1,9,0,0,3,0,0,0,0,0,1,0,0,0,6
0,0,0,0,1,1,0,0,1,0,1,3,2,0,0,11,3,0,0,0,0,0,0,0,0,0
0,0,0,0,0,0,0,0,0,0,0,0,0,0,0,0,0,0,0,0,0,0,0,0,0,0
0,0,0,0,0,0,0,0,0,0,0,0,0,0,0,0,0,0,0,0,0,0,0,0,0,0
0,0,0,0,0,0,0,0,0,0,0,0,0,0,0,0,0,0,0,0,0,0,0,0,0,0
0,0,0,0,0,0,0,0,0,0,0,0,0,0,0,0,0,0,0,0,0,0,0,0,0,0
0,0,0,0,0,0,0,1,0,0,7,0,0,0,0,0,0,0,0,0,0,0,0,0,1,0
0,0,0,0,0,0,0,0,0,0,0,0,0,0,0,0,0,0,0,0,0,0,0,0,0,0
