10,12,0,4,0,0,14,5,8,0,0,0,0,0,22,6,1,0,0,0,0,2,12,0,0,0
19,8,0,1,0,0,28,6,13,0,5,1,0,8,16,1,0,0,0,0,0,5,7,0,0,1
4,0,0,0,0,0,16,79,10,0,24,8,0,0,3,0,0,0,0,0,0,0,0,0,0,1
7,0,0,0,0,0,0,14,0,0,0,0,0,0,1,0,0,0,0,0,1,0,0,0,0,0
8,0,0,0,0,0,0,10,4,0,0,0,0,4,1,0,0,0,0,0,0,0,0,0,0,0
7,0,0,0,0,0,2,0,0,0,0,0,0,0,2,0,0,0,0,0,0,8,2,0,0,0
13,0,0,0,0,0,12,4,0,0,0,0,0,3,2,0,0,0,0,0,0,4,0,0,0,0
0,0,0,0,0,0,0,1,0,0,0,0,0,0,0,0,0,0,0,0,1,0,0,0,0,0
0,0,0,0,0,0,0,0,0,0,0,0,0,0,0,0,0,0,0,0,0,0,0,0,0,0
0,0,0,0,0,0,0,0,0,0,0,0,0,0,0,0,0,0,0,0,0,0,0,0,0,0
0,0,0,0,0,0,0,0,0,0,0,0,0,0,0,0,0,0,0,0,0,0,0,0,0,0
0,0,0,0,0,0,2,0,0,0,3,3,0,0,0,0,0,0,0,0,0,0,0,0,0,1
0,0,0,0,0,0,2,1,1,0,0,1,0,1,0,0,0,0,0,0,0,0,0,0,0,0
