0,0,1,32,21,0,0,2,0,2,1,10,0,0,0,0,0,0,5,0,21,0,0,3,0,10
0,1,2,10,25,0,16,21,11,2,0,6,4,3,0,2,5,0,3,0,9,3,5,3,1,2
0,0,2,2,0,0,3,178,132,16,0,1,3,33,0,1,35,1,0,0,12,48,57,16,9,2
0,0,14,14,10,0,7,0,0,0,0,0,0,0,0,0,0,0,0,0,0,0,0,0,2,0
0,0,0,7,1,0,0,1,1,0,0,0,0,1,0,0,0,0,0,0,1,0,0,0,0,0
0,0,0,3,0,0,4,2,0,0,0,6,8,3,0,6,134,0,0,0,0,0,0,0,0,5
0,0,1,0,0,0,4,0,0,0,0,0,0,0,0,0,0,0,0,0,0,0,0,0,0,0
0,0,0,0,0,0,0,0,0,0,0,0,0,0,0,0,0,0,0,0,0,0,0,0,0,0
0,0,0,0,0,0,0,0,0,0,0,0,0,0,0,0,0,0,0,0,0,0,0,0,0,0
0,0,0,0,0,0,0,0,0,0,0,0,0,0,0,0,0,0,0,0,0,0,0,0,0,0
0,0,0,0,0,0,0,0,0,0,0,0,0,0,0,0,0,0,0,0,0,0,0,0,0,0
0,0,0,0,0,0,0,0,0,0,0,1,0,0,0,0,0,0,0,0,0,0,0,0,0,2
0,0,0,0,0,0,0,0,0,2,0,0,0,0,0,0,0,0,0,0,0,0,0,0,0,0
