0,0,0,0,6,0,0,0,0,0,0,9,0,0,0,0,0,0,12,0,0,0,0,0,0,5
0,0,13,0,5,0,1,7,3,6,1,2,0,3,1,0,0,0,4,0,3,2,0,0,4,1
0,0,1,0,6,0,0,51,0,80,1,0,0,0,0,0,0,0,0,0,17,9,0,0,3,0
2,0,3,0,1,0,2,0,0,0,0,9,1,0,5,0,0,0,0,0,0,0,0,0,0,0
0,0,0,0,0,0,0,0,2,0,0,1,2,2,1,0,0,0,0,0,0,0,0,0,1,0
0,0,178,0,0,0,0,0,73,9,0,0,0,0,0,0,0,0,0,0,0,0,0,0,0,0
0,0,0,0,0,0,3,0,0,0,0,0,0,0,0,0,0,0,0,0,0,0,0,0,0,0
0,0,0,0,0,0,0,0,0,0,0,0,0,0,0,0,0,0,0,0,0,0,0,0,0,0
0,0,0,0,0,0,0,0,0,0,0,0,0,0,0,0,0,0,0,0,0,0,0,0,0,0
0,0,0,0,0,0,0,0,0,0,0,0,0,0,0,0,0,0,0,0,0,0,0,0,0,0
0,0,0,0,0,0,0,0,0,0,0,0,0,0,0,0,0,0,0,0,0,0,0,0,0,0
0,0,0,0,0,0,0,0,0,0,8,0,0,0,0,0,0,0,0,0,0,0,0,0,2,0
0,0,0,0,0,0,0,0,1,0,0,0,0,1,0,0,0,0,0,0,0,0,0,0,0,0
