0,14,0,2,0,0,6,0,1,1,0,0,0,0,12,10,0,2,0,0,0,0,5,0,0,0
0,2,0,0,4,0,3,0,9,0,2,0,0,0,5,4,0,0,0,0,0,4,4,1,7,3
0,0,0,0,177,0,4,0,0,0,2,0,0,0,1,0,0,0,0,0,0,57,115,64,125,4
0,6,0,2,11,0,4,0,4,10,0,0,0,0,14,9,0,4,0,0,0,5,3,4,3,0
0,3,0,3,6,0,3,0,2,2,0,0,0,0,10,5,0,4,0,0,0,1,1,1,1,0
0,0,0,0,7,0,3,0,0,0,0,0,0,0,0,0,0,3,0,0,0,0,3,0,1,0
0,0,0,0,0,0,0,0,0,0,0,0,0,0,0,0,0,0,0,0,0,0,1,0,0,0
0,0,0,0,0,0,0,0,0,0,0,0,0,0,0,0,0,0,0,0,0,0,0,0,0,0
0,0,0,0,0,0,0,0,0,0,0,0,0,0,0,0,0,0,0,0,0,0,0,0,0,0
0,0,0,0,0,0,0,0,0,0,0,0,0,0,0,0,0,0,0,0,0,0,0,0,0,0
0,0,0,0,0,0,0,0,0,0,0,0,0,0,0,0,0,0,0,0,0,0,0,0,0,0
0,0,0,0,0,0,2,0,0,0,2,0,0,0,0,0,0,0,0,0,0,0,0,4,1,0
0,0,0,0,0,0,0,0,0,0,0,0,0,0,0,0,0,0,0,0,0,0,0,0,0,0
