1,20,0,0,0,0,4,0,1,0,0,0,0,0,1,19,0,1,0,0,0,0,4,3,1,0
6,8,0,0,14,7,16,8,13,8,9,1,1,1,19,7,3,4,0,1,0,1,5,5,4,1
0,0,0,0,43,46,37,6,8,11,10,0,0,0,0,0,0,0,0,2,0,0,2,0,0,1
2,4,3,0,3,11,21,2,2,12,0,0,4,1,2,1,0,3,0,4,5,0,4,1,1,2
0,1,0,0,0,0,3,2,4,0,0,0,1,0,0,1,0,0,0,1,2,0,0,0,0,0
2,3,0,0,18,326,6,4,0,10,183,11,0,0,25,0,42,29,0,2,3,9,8,12,24,0
0,0,0,0,0,0,2,0,1,0,0,0,3,1,0,0,0,0,0,0,0,0,0,0,0,0
0,0,0,0,0,0,1,0,0,0,0,0,0,0,0,0,0,0,0,0,0,0,0,0,0,0
0,0,0,0,0,0,0,0,0,0,0,0,0,0,0,0,0,0,0,0,0,0,0,0,0,0
0,0,0,0,0,0,0,0,0,0,0,0,0,0,0,0,0,0,0,0,0,0,0,0,0,0
0,0,0,0,0,0,0,0,0,0,0,0,0,0,0,0,0,0,0,0,0,0,0,0,0,0
0,0,0,0,0,0,0,1,0,6,7,0,0,0,0,0,0,0,0,0,0,0,0,0,0,1
0,0,0,0,0,0,1,0,1,0,0,0,0,0,0,0,0,0,0,0,0,0,0,0,0,0
