0,10,0,0,0,0,0,3,0,0,0,0,0,0,0,9,0,0,0,0,0,2,8,0,0,2
0,9,4,0,0,0,6,12,0,0,5,0,1,0,0,8,0,0,0,2,0,6,9,0,0,1
0,0,0,0,0,0,13,18,0,0,17,0,0,0,0,0,0,0,0,1,0,0,19,0,0,1
0,3,0,0,0,0,0,8,0,0,1,0,2,0,0,1,0,0,0,0,0,5,1,0,0,2
0,1,0,0,0,0,0,7,0,0,0,0,1,0,0,0,0,0,0,0,0,2,0,0,0,1
0,2,0,0,0,0,8,23,0,0,163,0,2,0,0,0,0,0,0,1,0,0,96,0,0,0
0,1,0,0,0,0,0,0,0,0,0,0,0,0,0,1,0,0,0,0,0,0,0,0,0,0
0,0,0,0,0,0,0,0,0,0,0,0,0,0,0,0,0,0,0,0,0,0,0,0,0,0
0,0,0,0,0,0,0,0,0,0,0,0,0,0,0,0,0,0,0,0,0,0,0,0,0,0
0,0,0,0,0,0,0,0,0,0,0,0,0,0,0,0,0,0,0,0,0,0,0,0,0,0
0,0,0,0,0,0,0,0,0,0,0,0,0,0,0,0,0,0,0,0,1,7,3,0,3,2
0,0,0,0,0,0,0,0,0,0,2,0,0,0,0,0,0,0,0,0,0,0,0,0,0,1
0,0,0,0,0,0,0,2,0,0,0,0,0,0,0,0,0,0,0,0,0,0,0,0,0,0
