2,4,8,0,0,0,0,0,20,16,2,2,0,0,0,0,13,6,0,0,0,0,0,0,5,0
1,1,2,0,0,0,0,0,17,9,8,6,1,0,0,0,6,3,0,0,5,0,0,0,23,3
0,0,0,1,0,0,0,0,85,0,4,4,0,0,0,0,3,0,0,0,11,0,0,0,96,86
0,2,3,1,0,0,0,0,22,7,3,7,1,0,0,0,5,0,0,0,2,0,0,0,0,0
0,0,2,1,0,0,0,0,13,6,5,9,2,0,0,0,3,1,0,0,2,0,0,0,1,0
0,0,0,0,0,0,0,0,1,3,1,5,0,0,0,0,2,15,0,0,0,0,0,0,2,0
0,0,4,0,0,0,0,0,3,0,0,3,0,0,0,0,0,0,0,0,9,0,0,0,5,0
0,0,0,0,0,0,0,0,0,0,0,0,0,0,0,0,0,0,0,0,0,0,0,0,1,0
0,0,0,0,0,0,0,0,0,0,0,0,0,0,0,0,0,0,0,0,0,0,0,0,0,0
0,0,0,0,0,0,0,0,0,0,0,0,0,0,0,0,0,0,0,0,0,0,0,0,0,0
0,0,0,0,0,0,0,0,0,0,0,0,0,0,0,0,0,0,0,0,0,0,0,0,0,0
0,0,0,0,0,0,0,0,1,0,0,6,0,0,0,0,0,0,0,0,0,0,0,0,0,3
0,0,0,0,0,0,0,0,1,0,0,0,0,0,0,0,0,0,0,0,0,0,0,0,0,0
