0,0,0,0,5,0,0,1,0,0,0,0,0,0,0,0,0,0,15,0,1,0,0,0,0,3
0,0,0,10,4,0,0,29,1,1,2,2,1,0,0,0,1,1,7,0,10,4,1,0,2,2
0,0,0,1,0,0,0,47,0,0,3,1,0,0,0,0,0,0,0,0,46,30,0,0,10,0
0,0,0,0,0,0,0,8,0,0,0,2,0,0,0,0,0,0,0,0,4,1,0,0,0,1
0,0,0,0,0,0,0,1,1,1,0,0,1,0,0,0,0,0,0,0,0,0,0,0,0,1
0,0,0,1,0,0,0,68,0,0,2,0,0,0,0,0,208,11,0,0,0,0,31,0,1,5
0,0,0,8,1,0,0,8,0,0,0,0,0,0,0,0,0,0,1,0,0,0,0,0,0,3
0,0,0,0,0,0,0,0,0,0,0,0,0,0,0,0,0,0,0,0,2,0,0,0,0,0
0,0,0,0,0,0,0,0,0,0,0,0,0,0,0,0,0,0,0,0,0,0,0,0,0,0
0,0,0,0,0,0,0,0,0,0,0,0,0,0,0,0,0,0,0,0,0,0,0,0,0,0
0,0,0,0,0,0,0,0,0,0,0,0,0,0,0,0,0,0,0,0,0,0,0,0,0,0
0,0,0,0,0,0,0,1,0,0,4,0,0,0,0,0,0,0,0,0,0,0,0,0,2,0
0,0,0,0,0,0,0,3,0,0,0,0,0,0,0,0,0,0,0,0,0,0,0,0,0,0
