0,5,0,0,4,0,0,0,8,0,0,0,0,0,0,31,2,2,8,0,0,2,2,2,15,0
0,3,0,0,2,0,3,0,7,5,2,0,2,1,0,12,1,3,2,0,0,3,13,1,7,0
0,0,0,0,0,0,4,0,27,20,2,0,0,0,0,0,0,0,0,0,0,0,149,0,46,0
0,1,0,0,3,0,0,0,4,0,0,0,0,5,0,0,0,1,0,0,0,1,4,1,0,0
0,0,0,0,2,0,0,0,5,0,0,0,2,0,0,0,0,0,0,0,0,1,0,1,0,0
0,0,0,0,0,0,0,0,5,0,2,0,0,2,0,21,0,107,15,0,0,6,5,1,0,0
0,1,0,0,0,0,0,0,0,0,0,0,0,0,0,0,0,0,0,0,0,0,0,0,0,0
0,0,0,0,0,0,0,0,0,0,0,0,0,0,0,0,0,0,0,0,0,0,0,0,0,0
0,0,0,0,0,0,0,0,0,0,0,0,0,0,0,0,0,0,0,0,0,0,0,0,0,0
0,0,0,0,0,0,0,0,0,0,0,0,0,0,0,0,0,0,0,0,0,0,0,0,0,0
0,0,0,0,0,0,0,0,0,0,0,0,0,0,0,0,0,0,1,0,0,0,0,0,0,0
0,0,0,0,0,0,0,0,0,0,4,0,0,0,0,0,0,0,0,0,0,0,0,0,1,0
0,0,0,0,0,0,0,0,0,0,0,0,0,0,0,0,0,0,0,0,0,0,0,0,0,0
