0,14,0,0,0,17,0,2,6,0,0,0,0,0,0,3,0,9,7,0,0,4,12,0,0,0
0,0,0,0,0,10,0,0,6,10,0,1,0,0,5,3,0,2,0,0,0,0,0,0,1,4
0,0,0,0,0,52,0,1,0,30,0,2,0,0,3,0,0,0,1,0,0,0,0,0,3,159
0,5,0,0,0,29,0,1,0,2,0,0,0,0,1,0,0,8,2,0,0,1,3,0,12,3
0,5,0,0,0,18,0,1,2,0,0,0,0,0,2,0,0,8,3,0,0,1,3,0,8,0
0,0,0,0,0,179,0,0,2,88,0,0,0,0,61,2,0,0,0,0,0,0,5,0,72,0
0,0,0,0,0,0,0,0,0,0,0,0,0,0,8,0,0,0,0,0,0,0,0,0,0,0
0,0,0,0,0,0,0,0,0,0,0,0,0,0,0,0,0,0,0,0,0,0,0,0,5,0
0,0,0,0,0,0,0,0,0,0,0,0,0,0,0,0,0,0,0,0,0,0,0,0,0,0
0,0,0,0,0,0,0,0,0,0,0,0,0,0,0,0,0,0,0,0,0,0,0,0,0,0
0,0,0,0,0,0,0,0,0,0,0,0,0,0,0,0,0,0,0,0,0,0,0,0,0,0
0,0,0,0,0,0,0,0,0,6,0,0,0,0,0,0,0,0,0,0,0,0,0,0,1,0
0,0,0,0,0,0,0,0,1,0,0,0,0,0,0,0,0,0,0,0,0,0,0,0,1,0
