0,18,10,0,1,0,0,5,8,0,0,1,0,0,0,3,6,0,11,3,0,0,9,0,0,0
1,10,2,4,4,0,4,5,9,1,2,1,0,1,18,3,0,2,9,4,0,4,4,4,2,1
0,14,133,27,0,0,2,1,0,1,2,3,0,0,0,0,0,0,3,0,0,0,1,0,1,61
7,17,18,27,5,0,7,10,16,3,1,1,0,6,6,6,9,1,9,2,2,10,5,3,3,4
1,9,2,3,1,0,1,7,4,2,1,0,0,2,3,2,4,0,1,2,2,0,2,0,1,2
0,2,0,7,0,0,541,0,4,0,0,0,0,0,273,31,16,0,0,0,3,93,19,0,0,0
0,3,0,0,0,0,1,0,1,0,0,0,0,0,0,0,0,0,0,0,0,0,0,0,0,0
0,1,1,1,1,0,0,0,0,0,0,0,0,0,1,1,1,0,1,1,0,1,1,0,0,0
0,0,0,0,0,0,0,0,0,0,0,0,0,0,0,0,0,0,0,0,0,0,0,0,0,0
0,0,0,0,0,0,0,0,0,0,0,0,0,0,0,0,0,0,0,0,0,0,0,0,0,0
0,0,0,0,0,0,0,0,0,0,0,0,0,0,0,0,0,0,0,0,0,0,0,0,0,0
0,3,0,0,0,0,0,0,0,0,6,0,0,0,0,0,0,0,0,0,0,0,0,0,2,0
0,0,0,0,0,0,0,1,0,0,0,0,0,1,0,0,0,0,0,0,0,0,0,0,0,0
