0,20,0,0,0,0,0,0,0,0,0,0,0,0,0,9,0,0,0,0,0,0,2,0,0,1
0,2,0,0,0,0,0,2,6,0,0,2,0,5,0,1,0,0,0,0,1,0,1,0,13,1
0,0,0,0,0,0,0,11,0,0,0,10,0,0,0,0,0,0,0,0,0,0,0,0,163,0
0,11,0,0,0,0,0,0,0,0,0,0,0,0,0,0,0,1,0,0,0,0,0,0,0,0
0,6,0,0,0,0,0,0,2,0,0,0,0,3,0,0,0,1,0,0,0,0,0,0,0,1
0,0,0,0,0,0,0,5,3,0,0,0,0,0,0,0,0,6,0,0,10,0,5,0,3,0
0,0,0,0,0,0,0,0,0,0,0,0,0,0,0,0,0,0,0,0,0,0,0,0,1,0
0,1,0,0,0,0,0,0,0,0,0,0,0,0,0,0,0,0,0,0,0,0,0,0,0,0
0,0,0,0,0,0,0,0,0,0,0,0,0,0,0,0,0,0,0,0,0,0,0,0,0,0
0,0,0,0,0,0,0,0,0,0,0,0,0,0,0,0,0,0,0,0,0,0,0,0,0,0
0,0,0,0,0,0,0,0,0,0,0,0,0,0,0,0,0,0,0,0,0,0,0,0,0,0
0,0,0,0,0,0,0,0,0,0,0,0,0,0,0,0,0,0,0,0,0,0,0,0,4,0
0,0,0,0,0,0,0,0,1,0,0,0,0,2,0,0,0,0,0,0,0,0,0,0,0,0
