0,17,0,0,0,0,0,0,2,0,1,0,0,0,0,20,0,0,0,0,0,2,0,0,0,0
3,10,0,0,1,0,0,0,7,7,10,2,0,0,0,6,1,0,0,0,0,3,6,0,5,1
3,66,0,0,0,0,0,0,13,33,111,0,0,0,0,1,0,0,0,0,0,0,27,0,20,1
0,4,0,0,0,0,0,0,1,0,2,0,0,0,0,0,0,0,0,0,0,1,0,0,0,0
0,0,0,0,0,0,0,0,1,0,5,0,0,0,0,0,0,0,0,0,0,0,0,0,0,0
30,5,0,0,3,0,0,0,311,45,0,7,0,0,0,9,50,0,0,0,0,18,73,0,8,0
0,0,0,0,0,0,0,0,0,1,0,0,0,0,0,0,0,0,0,0,0,0,0,0,0,0
0,0,0,0,0,0,0,0,0,0,0,0,0,0,0,0,0,0,0,0,0,0,0,0,0,0
0,0,0,0,0,0,0,0,0,0,0,0,0,0,0,0,0,0,0,0,0,0,0,0,0,0
0,0,0,0,0,0,0,0,0,0,0,0,0,0,0,0,0,0,0,0,0,0,0,0,0,0
0,0,0,0,0,0,0,0,0,0,0,0,0,0,0,0,0,0,0,0,0,0,0,0,0,0
0,0,0,0,0,0,0,0,0,0,5,0,0,0,0,0,0,0,0,0,0,0,0,0,0,1
0,0,0,0,0,0,0,0,0,0,0,0,0,0,0,0,0,0,0,0,0,0,0,0,0,0
