0,21,0,0,2,0,0,3,5,0,0,0,1,0,0,5,0,0,8,4,0,0,2,0,0,0
0,6,4,0,6,0,10,5,5,0,2,0,9,6,0,2,0,0,2,6,0,0,2,0,2,4
0,0,2,0,0,0,68,0,1,0,2,0,0,0,0,0,0,0,0,0,0,0,0,1,2,14
0,17,2,0,1,0,13,3,0,0,2,5,0,0,0,0,0,0,0,6,0,0,0,3,0,0
0,7,0,0,1,0,0,0,1,0,0,0,0,0,0,0,0,0,0,11,0,0,0,1,0,0
0,0,249,0,0,0,0,0,0,0,0,0,0,0,0,0,0,0,0,1,0,0,5,0,0,0
0,0,0,0,0,0,0,0,0,0,0,0,0,0,0,0,0,0,0,0,0,0,1,0,0,1
0,0,0,0,0,0,0,0,0,0,0,0,0,0,0,0,0,0,0,0,0,0,0,0,0,0
0,0,0,0,0,0,0,0,0,0,0,0,0,0,0,0,0,0,0,0,0,0,0,0,0,0
0,0,0,0,0,0,0,0,0,0,0,0,0,0,0,0,0,0,0,0,0,0,0,0,0,0
0,0,0,0,0,0,0,0,0,0,0,0,0,0,0,0,0,0,0,0,0,0,0,0,0,0
0,0,0,0,0,0,0,0,0,0,0,0,0,0,0,0,0,0,0,0,0,0,0,0,2,0
0,0,0,0,0,0,0,0,0,0,0,0,0,0,0,0,0,0,0,0,0,0,0,0,0,0
