0,6,0,1,11,0,1,0,8,0,0,12,0,0,1,0,0,0,16,0,0,0,0,0,11,11
2,9,0,2,7,0,13,4,16,0,2,6,0,0,13,0,0,0,4,4,0,13,1,0,5,9
12,0,0,0,0,0,5,3,31,0,3,0,0,0,0,0,0,0,0,0,0,64,0,0,1,35
0,0,0,0,0,0,0,0,1,0,0,3,0,0,1,0,0,0,0,0,0,0,0,0,4,0
0,0,0,0,0,0,0,0,1,0,0,0,0,0,3,0,0,0,0,0,0,1,1,0,0,2
1,8,0,9,0,0,2,0,9,0,1,5,0,0,0,0,0,0,0,0,0,0,0,0,0,4
0,0,0,0,0,0,0,0,0,0,0,0,0,0,5,0,0,0,0,0,0,0,0,0,0,0
0,0,0,0,0,0,0,0,0,0,0,0,0,0,0,0,0,0,0,0,0,0,0,0,0,0
0,0,0,0,0,0,0,0,0,0,0,0,0,0,0,0,0,0,0,0,0,0,0,0,0,0
0,0,0,0,0,0,0,0,0,0,0,0,0,0,0,0,0,0,0,0,0,0,0,0,0,0
0,0,0,0,0,0,0,0,0,0,0,0,0,0,0,0,0,0,0,0,0,0,0,0,0,0
0,0,0,0,0,0,3,0,1,0,4,0,0,0,0,0,0,0,0,0,0,0,0,0,0,0
0,0,0,0,0,0,0,0,0,0,0,0,0,0,0,0,0,0,0,0,0,0,0,0,0,0
