0,0,6,0,0,0,0,0,0,0,0,0,0,0,4,0,9,9,6,0,0,0,0,0,0,0
0,0,1,0,0,0,0,0,8,0,0,0,0,0,4,0,2,5,6,0,0,0,2,13,6,4
0,0,0,0,0,0,0,0,122,1,0,0,0,0,0,0,0,0,0,0,0,0,12,265,35,48
0,0,14,1,0,0,0,1,4,1,0,2,0,0,0,0,0,12,1,0,3,2,9,0,2,2
0,0,2,0,0,0,0,1,5,1,0,0,0,0,2,0,0,1,6,0,3,1,4,0,2,0
0,0,0,0,0,0,0,0,0,0,0,0,0,0,0,0,0,7,0,0,171,71,65,0,0,0
0,0,0,0,0,0,0,0,0,0,0,0,0,0,0,0,1,1,4,0,0,0,0,0,0,0
0,0,0,0,0,0,0,0,0,0,0,0,0,0,0,0,0,0,0,0,0,0,0,0,0,0
0,0,0,0,0,0,0,0,0,0,0,0,0,0,0,0,0,0,0,0,0,0,0,0,0,0
0,0,0,0,0,0,0,0,0,0,0,0,0,0,0,0,0,0,0,0,0,0,0,0,0,0
0,0,0,0,0,0,0,0,0,0,0,0,0,0,0,0,0,0,0,0,0,0,0,0,0,0
0,0,0,0,0,0,0,0,0,0,0,10,0,0,0,0,0,0,0,0,0,0,0,0,1,0
0,0,0,0,0,0,0,0,0,0,0,0,0,0,0,0,0,0,0,0,0,0,0,0,0,0
