0,27,0,0,0,0,0,0,0,0,0,0,0,0,0,3,0,3,18,0,0,0,6,0,8,0
0,10,1,0,8,0,0,0,0,2,1,1,2,0,0,1,0,6,2,0,0,2,2,5,4,3
0,0,1,0,68,0,0,0,0,1,1,1,0,0,0,0,0,0,0,0,0,6,0,1,2,6
0,19,0,0,13,0,0,0,0,1,0,1,3,1,0,0,0,2,6,0,0,0,0,1,3,2
0,2,0,0,0,0,0,0,0,1,0,0,3,0,0,0,0,1,4,0,0,0,0,0,0,0
0,2,0,0,6,0,0,0,0,0,0,0,382,0,0,0,0,8,0,0,0,0,9,173,3,1
0,0,0,0,0,0,0,0,0,0,0,0,0,0,0,0,0,0,0,0,0,0,0,0,0,0
0,0,0,0,0,0,0,0,0,0,0,0,0,0,0,0,0,0,0,0,0,0,0,0,0,0
0,0,0,0,0,0,0,0,0,0,0,0,0,0,0,0,0,0,0,0,0,0,0,0,0,0
0,0,0,0,0,0,0,0,0,0,0,0,0,0,0,0,0,0,0,0,0,0,0,0,0,0
0,0,0,0,0,0,0,0,0,0,0,0,0,0,0,0,0,0,0,0,0,0,0,0,0,0
0,0,0,0,1,0,0,0,0,0,4,0,0,0,0,0,0,0,0,0,0,0,0,0,0,1
0,0,0,0,1,0,0,0,0,1,0,0,0,0,0,0,0,0,0,0,0,0,0,0,0,0
