0,2,31,3,0,0,0,0,0,0,0,0,0,0,0,9,16,13,0,0,0,2,2,0,4,0
0,1,16,3,0,0,10,0,10,0,9,2,0,1,1,4,4,10,0,0,0,0,0,7,4,0
0,0,0,0,0,0,18,0,0,0,102,4,0,0,0,0,0,2,0,0,0,0,0,58,20,0
0,0,5,1,0,0,4,0,0,0,12,0,0,1,1,9,0,0,0,3,2,2,1,3,4,0
0,0,0,3,0,0,0,0,1,0,4,0,0,1,0,8,0,0,0,0,3,5,3,0,2,0
0,0,0,0,0,0,3,0,3,0,12,0,0,2,6,14,0,11,0,0,0,0,0,0,0,0
0,0,2,0,0,0,0,0,0,0,0,0,0,0,0,3,0,1,0,0,0,0,0,0,0,0
0,0,0,0,0,0,0,0,0,0,0,0,0,0,0,0,0,0,0,0,0,0,0,0,0,0
0,0,0,0,0,0,0,0,0,0,0,0,0,0,0,0,0,0,0,0,0,0,0,0,0,0
0,0,0,0,0,0,0,0,0,0,0,0,0,0,0,0,0,0,0,0,0,0,0,0,0,0
0,0,0,0,0,0,0,0,0,0,0,0,0,0,0,0,0,0,0,0,0,0,0,0,0,0
0,0,0,0,0,0,2,0,0,0,0,4,0,0,0,0,0,0,0,0,0,0,0,0,3,0
0,0,0,0,0,0,0,0,0,0,0,0,0,0,0,0,0,0,0,0,0,0,0,0,0,0
