0,9,0,0,0,0,0,6,0,0,0,0,0,0,0,2,0,0,1,12,0,0,7,0,0,1
0,3,3,0,0,0,0,12,3,0,3,3,0,0,1,2,0,0,3,5,0,0,6,2,0,11
0,0,1,0,0,1,0,12,136,4,0,0,0,0,0,2,0,0,1,0,0,0,1,0,0,24
0,7,0,0,0,3,0,7,2,1,0,0,0,0,0,0,0,0,2,0,0,0,0,0,0,6
0,3,0,0,0,4,0,3,1,1,0,2,0,0,0,0,0,0,3,0,0,0,0,0,0,1
0,0,9,0,0,250,0,7,0,0,82,10,0,0,51,0,0,0,0,0,0,0,0,0,0,1
0,0,0,0,0,0,0,2,0,0,0,0,0,0,0,0,0,0,1,0,0,0,0,4,0,1
0,0,0,0,0,2,0,1,0,0,0,0,0,0,0,0,0,0,0,0,0,0,0,0,0,0
0,0,0,0,0,0,0,0,0,0,0,0,0,0,0,0,0,0,0,0,0,0,0,0,0,0
0,0,0,0,0,0,0,0,0,0,0,0,0,0,0,0,0,0,0,0,0,0,0,0,0,0
0,0,0,0,0,0,0,0,0,0,0,0,0,0,0,0,0,0,0,0,0,0,0,0,0,0
0,0,0,0,0,0,0,0,0,4,0,0,0,0,0,0,0,0,0,0,0,0,0,0,0,2
0,0,0,0,0,0,0,0,0,0,0,1,0,0,0,0,0,0,0,0,0,0,0,0,0,0
