0,12,0,0,0,0,0,4,2,0,0,0,0,5,0,13,0,0,0,0,1,0,6,0,2,0
2,8,0,0,0,0,5,4,4,15,2,0,1,32,28,8,0,0,0,0,3,9,2,0,4,0
1,1,0,0,0,0,2,0,4,88,5,0,0,5,5,4,1,0,0,0,0,49,0,0,2,0
3,7,0,4,1,0,0,1,0,6,0,0,0,11,3,0,1,0,0,0,0,1,13,0,1,0
0,0,0,0,0,0,0,0,2,0,0,0,0,1,4,0,0,0,0,0,0,0,0,0,0,0
2,4,0,0,0,0,2,13,1,0,0,0,113,46,157,47,0,0,0,0,0,1,3,0,0,0
2,0,0,0,0,0,0,3,0,0,0,0,0,7,0,0,0,0,0,0,0,6,0,0,0,0
0,0,0,0,0,0,0,0,0,0,0,0,0,0,0,0,0,0,0,0,0,0,0,0,2,0
0,0,0,0,0,0,0,0,0,0,0,0,0,0,0,0,0,0,0,0,0,0,0,0,0,0
0,0,0,0,0,0,0,0,0,0,0,0,0,0,0,0,0,0,0,0,0,0,0,0,0,0
0,0,0,0,0,0,0,0,0,0,0,0,0,0,0,0,0,0,0,0,0,0,0,0,0,0
0,0,0,0,0,0,0,0,0,0,4,0,0,0,0,0,0,0,0,0,0,0,0,0,1,0
0,0,0,0,0,0,0,0,0,0,0,0,0,0,1,0,0,0,0,0,0,0,0,0,0,0
