0,0,0,0,0,4,0,0,0,0,0,0,0,2,0,0,0,0,6,0,18,2,0,0,0,9
0,1,3,0,0,6,0,0,0,2,2,0,2,0,0,0,0,0,2,0,5,2,0,0,0,3
0,1,2,0,0,72,0,0,0,30,3,0,0,0,0,0,0,1,0,0,5,49,0,1,0,8
0,2,1,0,0,5,0,0,1,0,0,0,1,4,0,0,0,3,0,2,16,8,0,3,4,2
0,0,0,0,0,3,0,0,1,0,0,0,1,5,0,0,0,2,1,4,6,5,0,3,2,3
0,0,0,0,0,16,0,0,0,0,0,0,159,0,0,0,0,0,0,0,0,0,0,0,3,8
0,0,0,0,0,0,0,0,0,0,0,0,0,0,0,0,0,0,0,0,4,0,0,0,0,4
0,1,1,1,0,0,0,0,0,0,0,0,1,0,0,0,0,0,0,0,2,1,0,1,1,0
0,0,0,0,0,0,0,0,0,0,0,0,0,0,0,0,0,0,0,0,0,0,0,0,0,0
0,0,0,0,0,0,0,0,0,0,0,0,0,0,0,0,0,0,0,0,0,0,0,0,0,0
0,0,0,0,0,0,0,0,0,0,0,0,0,0,0,0,0,0,0,0,0,0,0,0,0,0
0,0,0,0,0,0,0,0,0,0,4,0,0,0,0,0,0,2,0,0,0,0,0,1,0,0
0,0,0,0,0,0,0,0,0,0,0,0,0,0,0,0,0,0,0,0,0,0,0,0,0,0
