0,11,0,0,0,0,0,0,15,0,0,0,0,0,0,21,0,0,0,2,0,2,9,33,8,0
1,12,0,0,0,0,3,8,30,1,0,1,0,1,0,7,0,0,0,0,0,0,3,80,10,0
0,1,0,0,0,0,5,117,0,1,0,4,0,0,0,0,0,0,0,0,0,0,0,5,0,1
5,27,0,0,0,0,10,27,16,0,0,5,0,5,2,15,0,0,0,2,0,1,3,66,14,7
0,13,0,0,0,0,6,17,6,0,0,3,0,6,2,10,0,0,0,5,0,6,1,12,1,5
0,1,0,0,0,0,0,4,0,0,0,0,0,0,0,4,0,0,0,0,0,0,5,5,0,0
0,5,0,0,0,0,0,3,0,0,0,0,0,0,0,0,0,0,0,0,0,0,0,9,6,0
0,0,0,0,0,0,0,0,0,0,0,0,0,0,0,0,0,0,0,0,0,0,0,0,0,0
0,0,0,0,0,0,0,0,0,0,0,0,0,0,0,0,0,0,0,0,0,0,0,0,0,0
0,0,0,0,0,0,0,0,0,0,0,0,0,0,0,0,0,0,0,0,0,0,0,0,0,0
0,0,0,0,0,0,0,0,0,0,0,0,0,0,0,0,0,0,0,0,0,0,0,0,0,0
0,0,0,0,0,0,1,0,0,0,0,5,0,0,0,0,0,0,0,0,0,0,0,0,0,1
0,0,0,0,0,0,1,0,1,0,0,0,0,1,0,0,0,0,0,0,0,0,0,0,0,0
