0,0,11,0,0,0,0,0,0,4,0,0,0,0,0,0,17,12,0,0,0,0,0,0,0,0
0,0,16,0,0,0,0,11,1,7,12,1,1,2,3,0,16,5,0,0,5,0,0,0,1,0
0,0,0,0,0,0,0,88,0,14,9,1,6,23,1,0,60,0,0,0,0,0,0,0,5,0
0,0,0,0,0,0,0,4,0,0,7,0,0,0,1,4,1,0,0,0,0,0,0,0,0,0
0,0,0,0,0,0,0,1,1,0,1,0,0,0,1,0,0,0,0,0,0,0,0,0,0,0
0,0,0,0,0,0,0,0,0,0,0,0,0,0,181,0,0,8,0,0,0,0,0,0,0,0
0,0,0,0,0,0,0,0,0,0,0,0,0,0,0,0,1,0,0,0,0,0,0,0,0,0
0,0,0,0,0,0,0,0,0,0,0,0,0,0,0,0,0,0,0,0,0,0,0,0,0,0
0,0,0,0,0,0,0,0,0,0,0,0,0,0,0,0,0,0,0,0,0,0,0,0,0,0
0,0,0,0,0,0,0,0,0,0,0,0,0,0,0,0,0,0,0,0,0,0,0,0,0,0
0,0,0,0,0,0,0,0,0,0,0,0,0,0,0,0,0,0,0,0,0,0,0,0,0,0
0,0,0,0,0,0,0,2,0,0,2,2,0,0,0,0,0,0,0,0,0,0,0,0,0,0
0,0,0,0,0,0,0,1,0,0,0,0,0,0,0,0,0,0,0,0,0,0,0,0,0,0
