0,2,14,0,0,0,0,0,0,8,0,0,0,0,0,0,9,5,0,0,0,0,0,0,0,0
0,5,7,6,3,0,8,0,1,10,2,0,0,1,0,0,3,4,1,0,10,3,9,4,4,0
0,27,25,0,15,0,46,0,1,2,2,0,0,0,0,0,1,0,0,0,138,55,2,2,5,0
0,2,14,0,1,0,9,0,2,1,1,0,1,1,0,0,0,1,0,0,0,0,0,0,0,1
0,0,5,0,0,0,1,0,0,2,0,0,0,1,0,0,0,1,0,0,0,0,0,0,0,0
0,6,321,0,18,0,0,0,0,4,0,0,0,159,0,0,0,6,60,0,2,81,0,0,0,0
0,0,0,0,0,0,0,0,0,1,0,0,0,0,0,0,0,0,0,0,0,0,0,0,1,0
0,0,0,0,0,0,0,0,0,0,0,0,0,0,0,0,0,0,0,0,0,0,0,0,0,0
0,0,0,0,0,0,0,0,0,0,0,0,0,0,0,0,0,0,0,0,0,0,0,0,0,0
0,0,0,0,0,0,0,0,0,0,0,0,0,0,0,0,0,0,0,0,0,0,0,0,0,0
0,0,0,0,0,0,0,0,0,0,0,0,0,0,0,0,0,0,0,0,0,0,0,0,0,0
0,0,0,0,0,0,1,0,1,1,7,0,0,0,0,0,0,0,0,0,0,0,0,7,1,0
0,0,0,0,0,0,0,0,0,0,0,0,0,0,0,0,0,0,0,0,0,0,0,0,0,0
