0,20,3,2,19,0,0,1,0,0,2,4,0,0,11,16,2,0,1,0,10,2,9,1,0,0
7,6,3,1,4,0,0,1,7,13,0,6,1,4,3,4,0,13,3,0,4,4,4,1,0,1
17,27,14,1,0,0,0,0,16,16,0,33,0,0,0,0,0,0,0,0,0,0,1,1,0,1
0,13,5,2,12,0,0,0,11,7,2,10,3,3,5,10,0,2,8,0,7,6,3,2,0,0
0,8,1,1,3,0,0,0,10,2,0,9,1,1,8,9,0,1,8,0,7,0,2,4,0,0
8,8,1,0,0,0,0,0,5,1,0,1,0,7,3,0,0,0,0,0,7,5,11,0,0,0
0,0,0,0,1,0,0,3,0,0,0,0,1,6,0,1,0,8,6,0,0,4,0,0,0,0
1,2,0,0,0,0,0,0,1,0,0,1,0,0,0,0,0,1,1,0,2,1,0,1,0,0
0,0,0,0,0,0,0,0,0,0,0,0,0,0,0,0,0,0,0,0,0,0,0,0,0,0
0,0,0,0,0,0,0,0,0,0,0,0,0,0,0,0,0,0,0,0,0,0,0,0,0,0
0,0,0,0,0,0,0,0,0,0,0,0,0,0,0,0,3,0,0,0,0,0,0,0,0,0
0,0,0,0,0,0,0,0,0,0,0,6,0,0,0,0,0,0,0,0,0,0,0,0,0,1
0,0,0,0,0,0,0,0,0,3,0,2,0,0,0,0,0,0,0,0,0,0,0,0,0,0
