0,17,0,0,0,0,3,0,0,9,3,0,0,0,0,11,0,0,0,0,0,6,2,0,0,0
0,10,0,0,0,0,3,0,0,21,6,8,0,0,0,7,0,0,0,0,0,7,4,0,4,0
0,0,0,0,0,0,2,0,0,7,2,39,0,0,0,0,0,0,0,0,0,0,0,0,19,0
0,3,0,0,0,0,11,0,0,9,0,0,0,0,0,3,3,0,0,0,0,3,8,1,0,0
0,0,0,0,0,0,12,0,0,1,1,0,0,0,0,0,0,0,0,0,0,1,4,0,0,0
0,0,0,0,0,0,23,0,0,0,1,4,0,0,0,0,0,0,0,0,0,3,0,0,0,0
0,0,0,0,0,0,0,0,0,6,1,0,0,0,0,1,0,0,0,0,0,0,5,0,0,0
0,0,0,0,0,0,0,0,0,0,0,0,0,0,0,0,0,0,0,0,0,0,0,0,0,0
0,0,0,0,0,0,0,0,0,0,0,0,0,0,0,0,0,0,0,0,0,0,0,0,0,0
0,0,0,0,0,0,0,0,0,0,0,0,0,0,0,0,0,0,0,0,0,0,0,0,0,0
0,0,0,0,0,0,0,0,0,0,0,0,0,0,0,0,0,0,0,0,0,0,0,0,0,0
0,0,0,0,0,0,0,0,0,0,0,6,0,0,0,0,0,0,0,0,0,0,0,0,2,0
0,0,0,0,0,0,0,0,0,0,0,0,0,0,0,0,0,0,0,0,0,0,0,0,0,0
