0,12,0,0,0,0,0,0,0,0,0,0,0,7,4,17,0,0,9,0,0,0,2,0,0,0
5,1,0,0,2,0,0,10,1,1,3,8,0,27,12,42,0,0,12,0,0,0,1,0,0,6
0,0,0,0,0,0,0,2,0,2,15,18,0,0,0,1,0,0,0,0,0,0,0,0,0,18
1,4,0,2,0,0,0,0,0,0,0,0,0,5,4,27,0,0,2,0,0,0,0,0,0,0
1,6,0,4,0,0,0,1,1,0,0,0,0,1,0,2,0,0,0,0,0,0,0,0,0,0
7,0,0,0,0,0,0,48,0,0,0,0,0,0,0,4,0,0,0,0,0,0,4,0,0,0
5,0,0,0,0,0,0,0,0,0,0,0,0,0,0,6,0,0,0,0,0,0,0,0,0,0
0,0,0,0,0,0,0,0,0,0,0,0,0,1,1,0,0,0,0,0,0,0,0,1,0,0
0,0,0,0,0,0,0,0,0,0,0,0,0,0,0,0,0,0,0,0,0,0,0,0,0,0
0,0,0,0,0,0,0,0,0,0,0,0,0,0,0,0,0,0,0,0,0,0,0,0,0,0
0,0,0,0,0,0,0,0,0,0,0,0,0,0,0,0,0,0,0,0,0,0,0,0,0,0
0,0,0,0,0,0,0,0,0,7,0,0,0,0,0,0,0,0,0,0,0,0,0,0,0,1
0,0,0,0,0,0,0,0,0,0,0,0,0,0,0,0,0,0,0,0,0,0,0,0,0,0
