1,8,0,3,0,0,0,0,0,0,0,0,0,0,0,12,0,0,0,0,0,0,8,0,0,0
1,3,0,1,1,0,0,8,11,2,2,1,0,5,1,3,1,0,0,0,1,1,6,2,2,2
0,0,0,0,0,0,0,78,30,1,2,1,0,0,0,0,0,3,0,0,0,0,0,132,2,0
1,0,0,0,0,0,0,0,0,0,2,0,0,0,0,2,0,0,0,0,2,1,0,2,0,0
0,0,0,0,0,0,0,0,2,0,0,0,0,3,0,0,0,0,0,0,1,0,0,0,0,0
0,0,0,0,9,1,0,218,40,46,0,0,0,0,3,0,3,0,0,0,84,111,4,0,0,46
0,0,0,0,0,0,0,0,0,0,0,0,0,4,0,3,0,0,0,0,3,0,0,0,0,0
1,0,0,0,0,0,0,0,0,0,0,0,0,0,0,0,0,0,0,0,0,0,0,0,0,0
0,0,0,0,0,0,0,0,0,0,0,0,0,0,0,0,0,0,0,0,0,0,0,0,0,0
0,0,0,0,0,0,0,0,0,0,0,0,0,0,0,0,0,0,0,0,0,0,0,0,0,0
0,0,0,0,0,0,0,0,0,0,0,0,0,0,0,0,0,0,0,0,0,0,0,0,0,0
0,0,0,0,0,0,0,0,0,1,4,2,0,0,0,0,0,0,0,0,0,0,0,0,5,0
0,0,0,0,0,0,0,0,1,0,0,1,0,0,0,0,0,0,0,0,0,0,0,0,0,0
