3,10,9,0,4,0,0,0,0,0,0,1,0,0,1,8,0,0,5,0,0,0,9,0,0,4
4,9,15,0,12,0,0,2,2,0,2,17,0,2,1,5,0,2,1,0,0,0,6,0,0,3
0,0,0,0,0,0,0,10,0,0,11,3,0,0,0,0,0,11,0,0,0,0,0,0,0,0
4,9,6,0,3,0,0,0,0,0,0,10,0,3,1,0,0,0,0,0,0,0,1,0,0,2
0,0,1,0,0,0,0,0,1,0,0,0,0,0,1,0,0,1,1,0,0,0,0,0,0,4
0,5,1,0,2,0,0,0,0,0,0,3,0,0,0,0,0,0,0,0,0,0,4,0,0,0
0,0,0,0,0,0,0,0,0,0,0,0,0,0,0,5,0,0,0,0,0,0,0,0,0,0
0,0,0,0,0,0,0,0,0,0,0,1,0,0,0,0,0,0,0,0,0,0,0,0,0,0
0,0,0,0,0,0,0,0,0,0,0,0,0,0,0,0,0,0,0,0,0,0,0,0,0,0
0,0,0,0,0,0,0,0,0,0,0,0,0,0,0,0,0,0,0,0,0,0,0,0,0,0
0,0,0,0,0,0,0,0,0,0,0,0,0,0,0,0,0,0,0,0,0,0,0,0,0,0
0,0,0,0,0,0,0,0,0,0,0,10,0,0,0,0,0,0,0,0,0,0,0,0,0,0
0,0,0,0,0,0,0,1,1,0,0,0,0,0,0,0,0,0,0,0,0,0,0,0,0,0
