0,0,6,1,0,0,0,5,0,3,0,0,0,0,0,0,11,7,0,0,0,0,0,0,4,0
0,4,14,5,0,0,4,12,8,4,2,1,4,1,2,0,1,6,0,0,4,0,6,4,16,0
0,6,122,0,0,0,0,0,0,3,1,10,0,0,0,0,0,0,0,0,1,0,35,12,70,0
0,2,15,8,0,0,4,8,1,0,0,0,3,0,0,0,0,6,0,0,0,0,4,0,11,0
0,0,0,3,0,0,0,1,3,0,0,0,2,0,0,0,0,0,0,0,0,0,0,0,0,0
0,6,166,0,0,0,0,0,0,0,99,0,0,59,0,0,0,6,0,0,0,0,11,0,0,0
0,0,0,5,0,0,6,0,0,0,0,0,0,0,0,0,0,0,0,0,0,0,0,0,0,0
0,0,0,1,0,0,0,0,0,0,0,0,0,0,0,0,0,0,0,0,0,0,0,0,0,0
0,0,0,0,0,0,0,0,0,0,0,0,0,0,0,0,0,0,0,0,0,0,0,0,0,0
0,0,0,0,0,0,0,0,0,0,0,0,0,0,0,0,0,0,0,0,0,0,0,0,0,0
0,0,0,0,0,0,0,0,0,0,0,0,0,0,0,0,0,0,0,0,0,0,0,0,0,0
0,0,0,0,0,0,0,0,0,1,0,0,0,0,0,0,0,0,0,0,0,0,0,0,1,0
0,0,0,0,0,0,0,0,2,0,0,0,0,0,0,0,0,0,0,0,0,0,0,0,0,0
