0,0,0,0,18,0,6,1,0,0,3,0,0,0,0,0,0,4,3,0,0,0,2,3,0,6
0,0,0,0,13,0,10,6,5,0,9,0,0,1,0,2,0,6,2,0,0,11,5,1,3,4
0,0,0,0,0,0,4,60,0,0,57,0,0,0,0,0,0,0,0,0,0,89,0,1,11,1
0,0,0,0,1,0,3,0,0,2,9,0,6,0,0,0,0,0,0,0,0,0,1,1,0,0
0,0,0,0,1,0,6,0,2,0,10,0,0,0,0,0,0,0,0,0,0,0,1,1,0,0
0,0,0,0,2,0,0,0,0,0,0,0,0,7,0,8,0,0,0,0,0,0,0,0,0,6
0,0,0,0,0,0,0,0,9,0,0,0,0,0,0,0,0,0,0,0,0,0,0,0,0,0
0,0,0,0,0,0,0,0,0,0,1,0,0,0,0,0,0,0,0,0,0,0,0,0,0,0
0,0,0,0,0,0,0,0,0,0,0,0,0,0,0,0,0,0,0,0,0,0,0,0,0,0
0,0,0,0,0,0,0,0,0,0,0,0,0,0,0,0,0,0,0,0,0,0,0,0,0,0
0,0,0,0,0,0,0,0,0,0,0,0,0,0,0,0,0,0,0,0,0,0,0,0,0,0
0,0,0,0,0,0,0,0,0,0,2,0,0,0,0,0,0,0,0,0,0,0,0,0,0,2
0,0,0,0,0,0,0,0,1,0,0,0,0,0,0,0,0,0,0,0,0,0,0,0,0,0
