15,7,0,0,2,0,0,11,0,0,0,0,10,0,1,7,2,0,0,0,0,10,2,0,14,1
9,7,0,0,1,0,6,28,2,2,2,0,3,1,4,2,0,0,1,0,0,9,1,6,11,5
0,0,1,0,0,0,36,53,6,16,2,0,0,0,0,0,0,1,0,0,0,0,0,2,1,0
2,1,0,0,4,0,2,7,1,0,0,0,7,0,5,1,0,0,0,0,0,2,0,4,3,2
0,0,0,0,2,0,0,3,0,0,0,0,4,0,0,1,0,0,0,0,0,0,0,0,0,1
2,0,0,0,9,0,0,246,0,0,0,0,0,52,34,34,0,0,25,0,0,9,5,29,4,81
0,4,0,0,0,0,0,1,0,0,0,0,3,0,0,0,0,0,0,0,0,0,0,0,0,0
1,0,0,0,0,0,0,0,0,0,0,0,1,0,0,0,0,0,0,0,0,0,0,1,0,0
0,0,0,0,0,0,0,0,0,0,0,0,0,0,0,0,0,0,0,0,0,0,0,0,0,0
0,0,0,0,0,0,0,0,0,0,0,0,0,0,0,0,0,0,0,0,0,0,0,0,0,0
0,0,0,0,0,0,0,0,0,0,0,0,0,0,0,0,0,0,0,0,0,0,0,0,0,0
0,0,0,0,0,0,0,1,0,0,5,0,0,0,0,0,0,0,0,0,0,0,0,3,1,0
0,0,0,0,1,0,1,1,0,0,0,1,0,0,0,0,0,0,0,0,0,0,0,0,0,0
