4,0,8,3,0,0,0,0,0,0,3,0,0,0,0,0,7,13,12,4,0,0,7,2,1,0
0,1,8,2,2,0,0,0,1,7,0,4,1,0,0,0,2,4,16,0,0,0,5,4,4,10
0,3,4,5,1,0,0,0,0,36,1,1,0,0,0,0,0,0,8,0,0,0,0,0,45,151
0,1,1,13,0,0,0,0,0,1,4,2,0,0,0,0,3,4,7,0,0,0,9,3,4,0
0,0,0,12,0,0,0,0,1,0,4,0,1,0,0,0,2,2,1,0,0,0,5,0,1,0
0,0,2,4,170,0,0,0,0,0,0,130,0,0,0,2,0,7,1,0,0,0,0,4,0,0
0,0,0,0,0,0,0,0,0,0,0,0,1,0,0,0,0,0,0,0,0,0,0,0,1,0
0,0,0,0,0,0,0,0,0,0,0,0,0,0,0,0,0,0,0,0,0,0,0,0,0,0
0,0,0,0,0,0,0,0,0,0,0,0,0,0,0,0,0,0,0,0,0,0,0,0,0,0
0,0,0,0,0,0,0,0,0,0,0,0,0,0,0,0,0,0,0,0,0,0,0,0,0,0
0,0,0,0,0,0,0,0,0,0,0,0,0,0,0,0,0,0,0,0,0,0,0,0,0,0
0,0,0,0,0,0,0,0,0,0,1,0,0,0,0,0,0,0,0,0,0,0,0,0,2,0
0,0,0,0,0,0,0,0,0,0,0,0,0,0,0,0,0,0,0,0,0,0,0,0,0,0
