0,1,0,0,0,0,0,0,2,0,0,0,0,4,0,3,0,0,0,0,0,0,5,0,0,0
0,22,0,0,0,0,2,1,3,4,0,0,0,5,2,1,1,0,0,0,0,0,4,0,2,3
0,66,0,0,0,0,0,0,0,4,1,0,0,0,0,0,92,0,0,0,0,0,0,0,1,39
0,19,0,0,0,0,2,1,3,0,2,0,0,3,2,0,3,0,0,0,0,0,2,0,1,2
0,0,0,0,0,0,0,0,1,0,1,0,0,0,0,0,2,0,0,0,0,0,0,0,0,0
0,2,0,0,0,0,3,266,0,2,0,0,0,0,0,0,52,0,0,0,0,0,5,0,118,0
0,5,0,0,0,0,0,0,0,0,0,0,0,4,0,0,0,0,0,0,0,0,1,0,0,0
0,0,0,0,0,0,0,0,0,0,0,0,0,0,0,0,1,0,0,0,0,0,0,0,0,0
0,0,0,0,0,0,0,0,0,0,0,0,0,0,0,0,0,0,0,0,0,0,0,0,0,0
0,0,0,0,0,0,0,0,0,0,0,0,0,0,0,0,0,0,0,0,0,0,0,0,0,0
0,0,0,0,0,0,0,0,0,0,0,0,0,0,0,0,0,0,0,0,0,0,0,0,0,0
0,0,0,0,0,0,0,0,0,0,1,0,0,0,0,0,0,0,0,0,0,0,0,0,0,1
0,0,0,0,0,0,0,0,0,0,0,0,0,0,0,0,0,0,0,0,0,0,0,0,0,0
