0,19,6,0,6,0,0,5,0,0,0,0,0,0,0,16,0,0,0,0,0,0,2,0,0,0
0,11,0,0,0,0,6,6,0,14,3,0,5,1,0,8,0,5,6,0,3,0,2,3,0,0
0,0,1,0,0,0,41,0,11,6,3,0,0,0,0,0,0,0,0,0,0,0,0,2,1,0
0,10,1,0,0,0,12,4,1,0,0,0,0,0,0,7,0,2,0,0,0,0,3,1,1,0
0,1,1,0,0,0,6,0,1,0,0,0,0,1,0,0,0,0,0,0,0,0,1,1,1,0
0,2,0,0,0,0,6,0,0,116,106,0,0,0,0,1,0,0,0,0,113,0,42,18,0,0
0,1,0,0,0,0,0,0,0,0,0,0,0,0,0,0,0,0,0,0,0,0,1,0,0,0
0,0,0,0,0,0,0,0,0,0,0,0,0,0,0,0,0,0,0,0,0,0,0,0,0,0
0,0,0,0,0,0,0,0,0,0,0,0,0,0,0,0,0,0,0,0,0,0,0,0,0,0
0,0,0,0,0,0,0,0,0,0,0,0,0,0,0,0,0,0,0,0,0,0,0,0,0,0
0,0,0,0,0,0,0,0,0,0,0,0,0,0,0,0,0,0,0,0,0,0,0,0,0,0
0,0,0,0,0,0,0,0,0,0,3,0,0,0,0,0,0,0,0,0,0,0,0,4,2,0
0,0,0,0,1,0,0,1,0,0,0,0,0,0,0,0,0,0,0,0,0,0,0,0,0,0
