0,3,11,0,2,0,0,0,0,0,0,0,0,2,0,0,8,6,0,0,0,0,0,0,14,1
0,9,4,0,0,7,1,0,1,0,20,0,0,3,0,0,3,3,0,0,1,0,2,0,8,0
0,0,0,0,0,55,0,0,1,0,83,0,0,0,0,0,0,0,0,0,0,0,2,0,79,0
0,14,3,0,1,11,0,0,1,4,0,0,0,4,0,1,0,0,2,0,3,1,1,1,17,1
0,3,2,0,1,0,0,0,1,4,0,0,0,9,0,0,0,0,1,0,0,4,0,0,12,1
0,2,0,0,0,0,0,0,0,0,0,0,0,0,0,0,0,6,14,0,0,0,0,0,0,0
0,3,0,0,0,0,3,0,0,0,0,0,0,3,0,0,0,0,0,0,3,0,0,0,3,0
0,0,0,0,0,0,0,0,0,0,0,0,0,0,0,0,0,0,0,0,0,0,0,0,1,0
0,0,0,0,0,0,0,0,0,0,0,0,0,0,0,0,0,0,0,0,0,0,0,0,0,0
0,0,0,0,0,0,0,0,0,0,0,0,0,0,0,0,0,0,0,0,0,0,0,0,0,0
0,0,0,0,0,0,0,0,0,0,0,0,0,0,0,0,0,0,0,0,0,0,0,0,0,0
0,0,0,0,0,0,0,0,0,0,2,0,0,0,0,0,0,0,0,0,0,0,0,0,1,0
0,0,0,0,0,0,0,0,0,0,0,0,0,0,0,0,0,0,0,0,0,0,0,0,0,0
