0,0,3,0,11,0,0,4,0,0,1,0,0,0,2,0,0,0,34,0,0,6,0,0,0,7
0,1,5,0,1,0,0,40,4,0,1,0,0,10,5,1,3,0,24,2,3,9,4,15,4,3
0,1,5,0,0,0,0,147,0,0,2,0,0,0,0,0,0,0,0,0,66,229,90,102,4,0
0,0,2,0,0,4,0,12,0,0,0,0,0,8,0,0,0,0,8,0,0,3,0,0,0,4
0,0,0,0,0,0,0,0,2,0,0,0,0,4,0,0,0,0,0,0,0,0,0,0,0,1
0,0,0,0,0,0,0,0,0,0,0,0,0,0,0,4,23,1,49,341,0,0,0,0,0,6
0,0,0,0,0,0,0,13,0,0,0,0,0,0,0,0,0,0,3,0,0,0,0,0,0,0
0,1,0,0,0,0,0,0,0,0,0,0,0,0,0,0,0,0,0,0,0,0,0,0,0,0
0,0,0,0,0,0,0,0,0,0,0,0,0,0,0,0,0,0,0,0,0,0,0,0,0,0
0,0,0,0,0,0,0,0,0,0,0,0,0,0,0,0,0,0,0,0,0,0,0,0,0,0
0,0,0,0,0,0,0,0,0,0,0,0,0,0,0,0,0,0,0,0,0,0,0,0,0,0
0,0,0,0,0,0,0,0,0,0,3,0,0,0,0,0,0,0,0,0,0,0,0,4,4,0
0,0,0,0,0,0,0,2,2,0,0,0,0,2,0,0,0,0,0,0,0,0,0,0,0,0
