0,0,0,0,7,6,0,2,2,0,4,1,0,0,0,0,0,0,17,0,3,1,0,0,5,6
0,0,0,0,6,1,3,11,1,1,11,0,0,1,0,0,0,0,9,0,9,4,0,0,3,5
0,0,0,0,1,0,3,11,0,1,234,0,0,0,0,0,0,0,1,0,1,5,0,0,2,11
2,0,0,0,0,3,0,6,0,0,12,0,0,0,0,0,0,0,0,0,0,1,0,0,0,1
0,0,0,0,0,9,0,5,0,0,3,0,0,1,0,0,0,0,1,0,1,0,0,0,0,1
0,0,0,0,0,0,0,15,0,0,0,0,0,0,0,0,0,0,0,0,8,0,0,0,1,5
0,0,0,0,0,0,0,0,0,0,0,0,0,0,0,0,0,0,0,0,3,0,0,0,0,0
0,0,0,0,0,0,0,0,0,0,1,0,0,0,0,0,0,0,0,0,1,0,0,0,0,0
0,0,0,0,0,0,0,0,0,0,0,0,0,0,0,0,0,0,0,0,0,0,0,0,0,0
0,0,0,0,0,0,0,0,0,0,0,0,0,0,0,0,0,0,0,0,0,0,0,0,0,0
0,0,0,0,0,0,0,0,0,0,0,0,0,0,0,0,0,0,0,0,0,0,0,0,0,0
0,0,0,0,0,0,0,0,1,1,2,0,0,0,0,0,0,0,0,0,0,0,0,0,2,0
0,0,0,0,0,0,0,1,0,0,0,0,0,0,0,0,0,0,0,0,0,0,0,0,0,0
