0,7,0,0,0,0,0,0,0,1,2,0,0,0,0,11,5,0,0,0,0,0,2,0,4,4
0,7,0,0,0,11,0,0,0,6,2,2,0,5,0,10,4,0,0,0,0,0,1,0,6,3
0,0,0,0,0,3,0,0,0,0,0,2,0,0,0,0,0,0,0,0,0,0,0,0,0,2
0,0,0,0,0,1,0,0,0,1,0,0,0,0,0,0,1,0,0,0,0,0,0,0,2,3
0,0,0,0,0,2,0,0,0,4,0,0,0,3,0,0,2,0,0,0,0,0,0,0,3,4
0,0,0,0,0,13,0,0,0,0,0,0,0,72,0,0,0,0,0,0,0,0,4,0,0,0
0,3,0,0,0,0,0,0,0,0,2,0,0,0,0,3,0,0,0,0,0,0,0,0,4,0
0,0,0,0,0,0,0,0,0,0,0,0,0,0,0,0,0,0,0,0,0,0,0,0,0,0
0,0,0,0,0,0,0,0,0,0,0,0,0,0,0,0,0,0,0,0,0,0,0,0,0,0
0,0,0,0,0,0,0,0,0,0,0,0,0,0,0,0,0,0,0,0,0,0,0,0,0,0
0,0,0,0,0,0,0,0,0,0,0,0,0,0,0,0,0,0,0,0,0,0,0,0,0,0
0,0,0,0,0,0,0,0,0,0,0,1,0,0,0,0,0,0,0,0,0,0,0,0,0,1
0,0,0,0,0,0,0,0,0,0,0,0,0,0,0,0,0,0,0,0,0,0,0,0,0,0
