0,19,1,0,4,0,0,0,13,5,2,0,0,0,3,11,0,0,6,0,1,7,7,7,3,7
0,19,2,7,14,0,0,16,13,8,8,0,0,0,1,9,0,0,19,0,11,7,4,10,13,8
0,5,1,0,24,0,0,30,2,52,2,0,0,0,0,0,0,0,0,0,2,0,0,0,11,28
1,13,0,4,5,0,0,11,0,2,3,0,0,0,0,5,0,0,0,0,7,0,0,4,10,4
0,8,2,4,0,0,0,1,0,2,1,0,0,0,0,3,0,0,0,0,2,1,0,5,2,3
0,6,2,0,2,0,0,1,0,2,0,0,0,0,0,1,0,0,0,0,1,2,5,0,1,0
0,0,0,0,1,0,0,1,0,0,1,0,0,0,0,0,0,0,0,0,4,1,0,0,1,0
1,1,0,1,0,0,0,0,0,0,0,0,0,0,0,0,0,0,0,0,0,0,0,0,0,0
0,0,0,0,0,0,0,0,0,0,0,0,0,0,0,0,0,0,0,0,0,0,0,0,0,0
0,0,0,0,0,0,0,0,0,0,0,0,0,0,0,0,0,0,0,0,0,0,0,0,0,0
0,0,0,0,0,0,0,0,0,0,0,0,0,0,0,0,0,0,0,0,0,0,0,0,0,0
0,4,0,0,0,0,0,0,0,0,5,0,0,0,0,0,0,0,0,0,0,0,0,0,3,0
0,0,0,0,0,0,0,0,0,1,0,0,0,0,0,0,0,0,0,0,0,0,0,0,0,0
