0,0,0,0,13,0,8,5,0,1,0,14,0,0,10,14,0,15,0,0,0,7,9,4,8,0
0,1,0,0,10,0,5,4,0,11,2,6,0,1,3,7,0,14,0,2,0,1,3,1,6,20
0,2,0,0,0,0,0,10,0,162,3,0,0,0,0,0,0,0,0,1,0,0,0,0,10,185
0,0,0,0,6,0,13,10,0,25,3,23,7,3,6,15,1,24,0,11,0,6,5,3,12,20
0,0,0,0,0,0,4,4,0,5,2,12,1,13,3,5,0,14,0,3,0,9,2,7,3,0
0,0,0,0,0,0,10,0,0,11,0,7,9,5,0,6,0,332,0,0,0,0,10,0,5,0
0,0,0,0,0,0,5,1,0,0,0,0,0,0,0,0,0,0,0,0,0,0,0,0,1,0
0,0,0,0,0,0,0,0,0,0,0,0,0,0,0,1,0,0,0,0,0,0,0,0,0,0
0,0,0,0,0,0,0,0,0,0,0,0,0,0,0,0,0,0,0,0,0,0,0,0,0,0
0,0,0,0,0,0,0,0,0,0,0,0,0,0,0,0,0,0,0,0,0,0,0,0,0,0
0,0,0,0,0,0,0,0,0,0,0,0,0,0,0,0,0,0,0,0,0,0,0,0,0,0
0,0,0,0,0,0,0,0,0,2,4,0,0,0,0,0,0,0,0,1,0,0,0,0,0,1
0,0,0,0,0,0,0,0,0,1,0,0,0,0,0,0,0,0,0,0,0,0,0,0,0,0
