0,10,0,3,0,0,0,0,7,0,0,0,0,0,0,13,2,0,0,0,0,0,4,0,0,2
0,2,19,0,40,0,0,3,4,1,1,0,0,4,0,3,1,0,0,4,1,9,4,7,7,1
0,0,139,0,13,0,0,6,10,2,0,0,0,0,0,0,1,0,0,62,1,86,5,19,82,3
0,14,9,2,10,0,0,0,3,0,0,0,0,0,0,4,0,0,0,1,0,0,2,7,0,4
0,7,0,2,0,0,0,0,3,0,0,0,0,4,0,3,0,0,0,0,0,0,2,0,0,3
0,0,193,0,0,0,0,0,0,0,3,0,0,0,0,0,0,0,0,0,0,0,6,3,0,0
0,1,0,0,0,0,0,0,0,0,0,0,0,0,0,0,0,0,0,0,0,0,7,0,0,0
0,0,0,0,0,0,0,0,0,0,0,0,0,0,0,0,0,0,0,0,0,0,0,0,0,0
0,0,0,0,0,0,0,0,0,0,0,0,0,0,0,0,0,0,0,0,0,0,0,0,0,0
0,0,0,0,0,0,0,0,0,0,0,0,0,0,0,0,0,0,0,0,0,0,0,0,0,0
0,0,0,0,0,0,0,0,0,0,0,0,0,0,0,0,0,0,0,0,0,0,0,0,0,0
0,0,0,0,0,0,0,1,0,7,0,0,0,0,0,0,0,0,0,0,0,0,0,0,2,0
0,0,0,0,0,0,0,0,1,0,0,0,0,1,0,0,0,0,0,0,0,0,0,0,0,0
