0,7,0,0,0,0,0,3,6,0,0,0,0,0,2,9,0,0,6,0,0,2,12,0,2,15
0,0,0,0,0,0,13,8,3,0,1,9,4,3,26,1,0,3,2,0,0,3,10,0,0,27
0,0,0,0,0,0,46,5,2,0,1,21,1,3,1,0,0,3,0,1,0,1,4,0,0,54
0,1,0,0,0,0,3,5,2,0,0,2,0,0,2,2,0,0,3,3,3,6,0,2,1,4
0,1,0,0,0,0,0,5,5,0,0,0,0,0,5,2,0,0,6,4,3,2,0,2,3,5
0,0,0,0,0,0,0,4,0,0,0,0,9,0,33,1,0,0,0,0,0,0,11,0,0,10
0,0,0,0,0,0,3,0,0,0,0,0,1,0,8,0,0,0,0,0,0,10,0,0,0,2
0,0,0,0,0,0,0,0,0,0,0,0,0,0,0,0,0,0,0,0,0,1,0,0,0,0
0,0,0,0,0,0,0,0,0,0,0,0,0,0,0,0,0,0,0,0,0,0,0,0,0,0
0,0,0,0,0,0,0,0,0,0,0,0,0,0,0,0,0,0,0,0,0,0,0,0,0,0
0,0,0,0,0,0,0,0,0,0,0,0,0,0,0,0,0,0,0,0,0,0,0,0,0,0
0,0,0,0,0,0,2,0,0,0,2,5,0,0,1,0,0,2,0,0,0,0,0,0,0,1
0,0,0,0,0,0,0,0,0,0,0,0,0,0,0,0,0,0,0,0,0,0,0,0,0,0
