9,2,5,19,17,0,0,0,0,0,0,0,0,0,3,5,5,0,5,0,26,1,2,1,0,0
15,4,0,6,9,0,0,1,14,6,19,0,3,1,2,2,0,1,4,0,12,4,1,3,8,0
9,0,0,0,0,0,0,2,123,8,344,0,0,0,0,0,0,1,0,0,0,1,0,3,6,0
9,3,1,15,13,3,0,0,0,0,0,0,0,0,0,0,0,0,0,0,10,0,0,0,4,0
0,0,0,4,4,0,0,0,1,0,0,0,0,1,1,0,0,0,1,0,1,1,0,0,0,0
1,0,0,0,0,0,0,0,0,2,8,0,12,0,0,0,0,0,0,0,3,0,2,0,2,0
0,0,0,0,0,0,0,0,0,0,0,0,6,0,0,0,0,0,0,0,0,5,0,0,0,0
1,1,0,0,0,0,0,0,0,0,1,0,0,0,0,0,0,0,1,0,0,0,0,0,0,0
0,0,0,0,0,0,0,0,0,0,0,0,0,0,0,0,0,0,0,0,0,0,0,0,0,0
0,0,0,0,0,0,0,0,0,0,0,0,0,0,0,0,0,0,0,0,0,0,0,0,0,0
2,0,4,0,0,0,0,0,0,2,0,0,0,0,0,0,0,0,2,0,0,0,0,0,0,0
0,0,0,0,0,0,0,2,0,4,3,0,0,0,0,0,0,2,0,0,0,2,0,0,5,0
0,0,0,0,0,0,0,0,0,1,0,0,0,0,0,0,0,0,0,0,0,0,0,0,0,0
