0,11,0,0,9,0,0,0,1,0,0,0,24,3,14,4,0,0,0,0,0,0,31,0,0,4
0,7,0,7,18,0,6,12,5,16,9,0,39,5,21,7,11,0,0,0,1,3,12,4,3,6
0,1,0,0,0,0,0,0,49,32,10,0,2,0,33,39,124,0,0,0,0,0,2,1,1,4
0,0,0,5,0,0,3,5,2,1,7,0,25,2,15,5,0,1,0,0,0,1,2,1,6,19
0,0,0,1,0,0,0,6,0,3,4,0,10,1,10,0,0,1,0,0,0,0,0,2,0,10
0,0,0,0,0,0,0,9,0,9,567,0,3,0,0,0,0,0,0,0,121,54,6,157,0,13
0,0,0,0,0,0,0,2,0,0,0,0,6,0,0,0,0,0,0,0,0,7,2,1,0,0
0,0,0,0,0,0,0,0,0,0,1,0,1,1,3,2,0,0,0,0,0,0,0,2,2,2
0,0,0,0,0,0,0,0,0,0,0,0,0,0,0,0,0,0,0,0,0,0,0,0,0,0
0,0,0,0,0,0,0,0,0,0,0,0,0,0,0,0,0,0,0,0,0,0,0,0,0,0
0,0,0,0,0,0,0,0,0,0,0,0,0,0,0,0,0,0,0,0,0,0,0,0,0,0
0,0,0,0,0,0,0,0,0,0,8,0,0,0,0,0,0,0,0,0,0,0,0,0,3,4
0,0,0,0,0,0,0,2,0,0,0,0,0,0,0,0,0,0,0,0,0,0,0,0,0,0
