0,16,0,0,0,0,0,0,1,0,0,0,0,0,0,9,1,0,0,21,0,0,5,0,0,0
0,17,10,0,0,3,0,7,5,0,5,4,0,0,0,5,5,0,0,18,0,0,1,2,1,0
0,1,80,0,0,0,0,7,0,0,0,4,0,0,0,0,0,0,0,190,0,0,0,0,1,0
0,4,12,0,0,0,0,2,1,0,0,0,0,0,0,1,0,0,0,4,0,0,0,2,0,0
0,4,0,0,0,0,0,2,2,0,0,0,0,0,0,0,0,0,0,4,0,0,0,0,0,0
0,5,48,0,0,0,0,239,0,0,1,0,0,0,0,14,176,0,0,14,0,0,4,0,0,0
0,7,0,0,0,0,4,0,0,0,0,0,0,0,0,1,0,0,0,0,0,0,0,0,0,0
0,0,0,0,0,0,0,0,0,0,0,0,0,0,0,0,0,0,0,0,0,0,0,0,0,0
0,0,0,0,0,0,0,0,0,0,0,0,0,0,0,0,0,0,0,0,0,0,0,0,0,0
0,0,0,0,0,0,0,0,0,0,0,0,0,0,0,0,0,0,0,0,0,0,0,0,0,0
0,0,0,0,0,0,0,0,0,0,0,0,0,0,0,0,0,0,0,0,0,0,0,0,0,0
0,0,0,0,0,0,0,6,0,0,0,4,0,0,0,0,0,0,0,0,0,0,0,0,1,0
0,0,0,0,0,0,0,0,0,0,0,0,0,0,0,0,0,0,0,0,0,0,0,0,0,0
