0,42,0,0,3,0,3,8,8,0,0,0,0,0,12,16,0,0,0,0,0,1,1,0,0,0
0,23,0,0,8,0,23,34,21,18,7,6,0,20,13,6,6,0,0,0,11,14,5,1,1,17
0,0,0,0,0,0,24,149,1,0,228,16,0,0,1,25,0,0,0,0,0,37,0,0,2,4
0,23,0,0,2,0,3,6,4,0,0,1,0,0,0,0,0,0,0,0,0,5,0,1,0,0
0,2,0,0,0,0,3,10,4,2,0,0,0,1,1,0,0,0,0,0,0,0,0,0,0,0
0,4,0,0,0,0,3,18,1,3,0,0,0,0,0,0,0,0,0,0,14,5,9,2,0,1
0,2,0,0,3,0,9,3,0,2,0,0,0,8,0,0,0,0,0,0,0,5,0,0,0,0
0,0,0,0,0,0,0,0,0,1,0,1,0,0,0,0,0,0,0,0,0,0,0,1,0,0
0,0,0,0,0,0,0,0,0,0,0,0,0,0,0,0,0,0,0,0,0,0,0,0,0,0
0,0,0,0,0,0,0,0,0,0,0,0,0,0,0,0,0,0,0,0,0,0,0,0,0,0
0,0,0,0,0,0,0,0,0,0,0,0,0,0,0,0,0,0,0,0,0,0,0,0,0,0
0,0,0,0,0,0,0,1,0,0,0,9,0,0,0,0,0,0,0,0,0,0,0,0,3,1
0,0,0,0,0,0,0,1,1,0,0,0,0,0,0,0,0,0,0,0,0,0,0,0,0,0
