0,23,0,5,0,0,1,0,0,0,0,0,0,0,3,6,0,0,2,0,0,0,23,0,0,1
0,14,0,6,0,0,13,9,6,4,0,1,0,1,22,1,0,0,2,11,0,0,16,2,0,1
0,0,0,3,0,0,25,55,5,13,0,0,0,0,0,0,0,0,2,46,0,0,3,3,0,1
1,11,0,15,0,0,6,0,2,0,0,0,0,3,10,1,0,0,1,2,0,0,10,2,0,7
0,7,0,10,0,0,0,0,3,0,0,0,0,11,4,1,0,0,1,0,0,0,4,2,0,4
0,1,0,2,0,0,1,2,7,49,0,168,0,11,1,0,0,0,12,0,0,0,13,201,0,48
0,1,0,6,0,0,6,0,1,0,0,0,0,0,5,0,0,0,0,0,0,0,0,0,0,0
0,0,0,0,0,0,0,0,0,0,0,0,0,0,0,0,0,0,0,0,0,0,0,0,0,0
0,0,0,0,0,0,0,0,0,0,0,0,0,0,0,0,0,0,0,0,0,0,0,0,0,0
0,0,0,0,0,0,0,0,0,0,0,0,0,0,0,0,0,0,0,0,0,0,0,0,0,0
0,0,0,0,0,0,0,0,0,0,0,0,0,0,0,0,0,0,0,0,0,0,0,0,0,0
0,0,0,0,0,0,0,0,3,2,0,0,0,0,0,0,0,0,0,0,0,0,0,4,1,1
0,0,0,0,0,0,0,0,1,1,0,0,0,0,0,0,0,0,0,0,0,0,0,0,0,0
