0,0,0,0,21,0,0,13,0,0,0,6,0,0,0,0,0,0,8,0,0,0,0,0,0,8
0,0,0,5,19,0,4,5,0,0,2,3,1,3,0,0,0,0,3,1,9,0,0,1,1,6
0,0,0,4,2,0,69,0,0,0,2,0,0,3,0,0,0,0,0,28,114,0,0,0,1,0
0,3,0,4,16,0,7,2,0,0,1,0,0,0,0,0,0,0,0,0,0,0,0,0,0,3
0,2,0,5,1,0,0,3,0,0,2,0,0,0,0,0,0,0,0,0,0,0,0,0,0,0
0,0,0,0,4,0,89,0,0,0,0,0,2,75,0,0,0,0,0,0,0,0,0,27,0,8
0,0,0,0,3,0,0,0,0,0,0,0,0,0,0,0,0,0,0,0,0,0,0,0,0,0
0,0,0,1,0,0,0,0,0,0,0,0,0,0,0,0,0,0,0,1,0,0,0,0,0,0
0,0,0,0,0,0,0,0,0,0,0,0,0,0,0,0,0,0,0,0,0,0,0,0,0,0
0,0,0,0,0,0,0,0,0,0,0,0,0,0,0,0,0,0,0,0,0,0,0,0,0,0
0,0,0,0,0,0,0,0,0,0,0,0,0,0,0,0,0,0,0,0,0,0,0,0,0,0
0,0,0,0,0,0,0,0,0,0,5,0,0,0,0,0,0,0,0,0,0,0,0,0,1,0
0,0,0,0,0,0,0,1,0,0,0,0,0,0,0,0,0,0,0,0,0,0,0,0,0,0
