3,3,0,0,0,0,0,0,1,0,0,0,0,0,2,6,2,0,0,1,1,0,4,0,1,0
10,1,2,0,0,0,0,0,15,1,0,0,0,1,3,5,1,0,1,4,0,1,5,0,12,1
1,0,0,0,0,0,0,0,72,1,0,0,0,0,0,0,0,0,1,0,0,44,0,0,4,0
14,1,2,0,0,0,0,0,14,2,0,0,0,0,3,3,0,0,0,2,0,0,0,0,4,1
3,0,0,0,0,0,0,0,3,0,0,0,0,1,0,0,0,0,0,0,0,0,0,0,0,1
6,0,296,0,0,0,0,0,0,0,0,0,0,0,85,36,77,0,0,3,0,0,4,0,2,0
1,0,0,0,0,0,0,0,3,0,0,0,0,0,0,0,0,0,0,0,0,0,8,0,1,0
0,0,1,0,0,0,0,0,0,0,0,0,0,0,0,0,0,0,0,3,4,0,1,0,2,0
0,0,0,0,0,0,0,0,0,0,0,0,0,0,0,0,0,0,0,0,0,0,0,0,0,0
0,0,0,0,0,0,0,0,0,0,0,0,0,0,0,0,0,0,0,0,0,0,0,0,0,0
0,0,0,0,0,0,0,0,0,0,0,0,0,0,0,0,0,0,0,0,0,0,0,0,0,0
0,0,0,0,0,0,0,0,0,3,0,0,0,0,0,0,0,0,0,0,0,0,0,0,3,0
0,0,0,0,0,0,0,0,1,0,0,0,0,0,0,0,0,0,0,0,0,0,0,0,0,0
