0,8,1,5,0,0,0,0,0,0,3,0,0,0,0,13,0,0,0,0,0,0,6,0,0,0
0,9,5,8,8,5,2,3,1,2,18,6,0,8,5,11,6,0,1,0,12,2,4,8,0,5
0,37,0,3,9,38,0,0,0,18,0,5,0,0,0,0,0,0,0,0,0,0,155,0,0,1
0,0,4,0,4,6,5,1,0,2,6,2,0,1,5,0,4,0,1,0,0,0,1,3,0,0
0,0,2,0,4,0,0,0,1,2,0,1,0,0,0,0,0,0,0,0,0,0,0,0,0,0
0,2,0,5,3,0,535,0,0,0,0,28,0,135,0,1,0,0,74,0,13,0,3,38,0,65
0,0,0,0,0,0,0,0,0,0,0,0,0,0,0,0,5,0,0,0,0,0,0,0,0,0
0,0,0,0,0,0,0,0,0,0,0,0,0,2,2,0,0,0,0,0,0,0,1,0,0,1
0,0,0,0,0,0,0,0,0,0,0,0,0,0,0,0,0,0,0,0,0,0,0,0,0,0
0,0,0,0,0,0,0,0,0,0,0,0,0,0,0,0,0,0,0,0,0,0,0,0,0,0
0,0,0,0,0,0,0,0,0,0,0,0,0,0,0,0,0,0,0,0,0,0,0,0,0,0
0,0,0,0,0,0,0,0,0,0,0,3,0,0,0,0,0,0,0,0,0,0,0,0,0,1
0,0,0,0,0,0,0,0,0,0,0,0,0,0,0,0,0,0,0,0,0,0,0,0,0,0
