0,13,0,0,0,0,6,0,3,0,0,0,0,0,0,0,0,0,0,0,0,0,0,0,1,2
1,6,0,0,0,0,7,4,12,4,6,3,0,2,0,4,0,0,0,0,0,6,5,3,9,13
0,0,0,0,0,0,1,0,2,50,41,0,0,0,0,0,0,0,0,0,0,0,0,0,1,46
3,3,0,0,0,0,5,0,7,1,0,0,0,1,0,2,1,0,0,0,0,0,0,0,0,2
0,0,0,0,0,0,2,0,2,0,0,0,0,2,0,0,0,0,0,0,0,0,0,0,1,2
0,2,0,0,0,0,211,0,0,0,0,0,0,0,0,0,0,0,0,0,0,0,2,0,9,0
0,0,0,0,0,0,2,0,0,0,0,0,0,0,0,0,0,0,0,0,0,0,0,0,0,0
1,0,0,0,0,0,0,0,0,0,0,0,0,0,0,0,0,0,0,0,0,0,0,0,0,0
0,0,0,0,0,0,0,0,0,0,0,0,0,0,0,0,0,0,0,0,0,0,0,0,0,0
0,0,0,0,0,0,0,0,0,0,0,0,0,0,0,0,0,0,0,0,0,0,0,0,0,0
0,0,0,0,0,0,0,0,0,0,0,0,0,0,0,0,0,0,0,0,0,0,0,0,0,0
0,0,0,0,0,0,0,0,3,1,4,0,0,0,0,0,0,0,0,0,0,0,0,0,0,2
0,0,0,0,0,0,0,0,1,0,0,0,0,0,0,0,0,0,0,0,0,0,0,0,0,0
