5,0,6,0,9,4,0,11,2,0,1,0,0,0,2,0,2,0,6,0,4,0,0,0,0,9
5,3,7,0,7,1,1,0,2,3,2,5,0,1,7,1,0,3,1,0,2,6,9,0,0,7
1,0,4,0,66,0,0,12,3,27,2,0,0,0,0,95,0,0,0,0,0,5,78,0,0,2
0,1,2,0,3,2,0,0,0,0,0,2,0,2,3,0,0,0,0,0,0,0,0,0,0,2
0,0,0,0,0,0,0,3,0,0,0,1,0,0,1,0,0,0,0,0,0,0,0,0,0,0
2,0,10,0,0,0,127,0,0,0,0,6,2,99,0,0,0,0,0,0,4,2,78,0,0,11
0,0,0,0,0,0,5,0,0,0,0,0,1,1,2,0,0,0,0,0,0,3,0,0,0,0
0,0,0,0,0,0,0,1,0,0,0,0,0,0,0,0,0,0,0,0,0,0,2,1,1,0
0,0,0,0,0,0,0,0,0,0,0,0,0,0,0,0,0,0,0,0,0,0,0,0,0,0
0,0,0,0,0,0,0,0,0,0,0,0,0,0,0,0,0,0,0,0,0,0,0,0,0,0
0,0,0,0,0,0,0,0,0,0,0,0,0,0,0,0,0,0,0,0,0,0,0,0,0,0
0,0,0,0,0,0,0,3,2,0,1,0,0,0,0,0,0,0,0,0,0,0,0,0,0,2
0,0,0,0,0,0,0,1,0,0,0,1,0,0,0,0,0,0,0,0,0,0,0,0,0,0
