0,13,0,0,0,0,0,3,2,0,0,0,0,0,4,6,0,0,0,0,0,2,13,0,0,3
0,14,0,0,1,2,8,12,16,1,11,4,4,1,5,1,0,2,1,0,5,8,8,2,7,11
0,4,0,0,1,1,62,21,6,5,127,4,0,1,0,0,0,0,0,0,6,0,5,11,20,27
0,7,0,0,0,0,1,2,8,1,1,1,0,1,1,0,0,2,0,0,1,2,0,0,1,2
0,0,0,0,0,0,0,0,5,0,1,0,2,0,0,0,0,1,0,0,0,0,0,0,0,3
0,0,0,0,0,2,0,0,10,0,11,0,3,0,0,0,0,82,4,0,35,2,10,0,22,14
0,0,0,0,0,0,4,0,0,0,0,2,2,0,3,0,0,0,0,0,3,0,0,0,0,0
0,1,0,0,0,0,0,1,2,0,0,0,0,0,0,0,0,1,0,0,0,0,1,0,0,0
0,0,0,0,0,0,0,0,0,0,0,0,0,0,0,0,0,0,0,0,0,0,0,0,0,0
0,1,0,0,0,0,0,0,0,0,0,0,0,0,0,0,0,0,0,0,0,0,0,0,0,0
0,0,0,0,0,0,0,0,0,0,0,0,0,0,0,0,0,0,0,0,0,0,0,0,0,0
0,3,0,0,0,0,0,0,2,0,3,0,0,0,0,0,0,0,0,0,0,0,0,0,2,0
0,0,0,0,0,0,1,1,2,2,0,0,0,0,0,0,0,0,0,0,0,0,0,0,0,0
