0,0,0,0,19,0,0,0,0,0,0,0,0,0,0,0,0,0,10,0,0,0,0,0,0,2
0,3,0,0,13,7,5,6,1,0,5,1,0,1,0,0,0,0,5,0,0,1,0,4,0,8
0,0,0,0,0,0,0,12,0,0,14,1,0,0,0,0,0,0,0,0,0,3,0,2,0,12
3,0,0,0,7,1,0,1,0,0,6,1,0,0,0,0,0,0,1,0,0,0,0,7,0,7
2,0,0,0,0,0,0,0,1,0,1,0,0,1,0,0,0,0,0,0,0,0,0,0,0,0
0,0,0,0,0,0,0,0,0,0,6,0,0,0,0,0,0,0,0,0,0,0,0,0,0,2
0,0,0,0,3,0,0,0,0,0,0,0,0,0,0,0,0,0,0,0,0,0,0,0,0,2
0,0,0,0,0,0,0,0,0,0,0,0,0,0,0,0,0,0,0,0,0,0,0,0,0,0
0,0,0,0,0,0,0,0,0,0,0,0,0,0,0,0,0,0,0,0,0,0,0,0,0,0
0,0,0,0,0,0,0,0,0,0,0,0,0,0,0,0,0,0,0,0,0,0,0,0,0,0
0,0,0,0,0,0,0,0,0,0,0,0,0,0,0,0,0,0,0,0,0,0,0,0,0,0
0,0,0,0,0,0,0,0,0,0,0,3,0,0,0,0,0,0,0,0,0,0,0,0,0,0
0,0,0,0,0,0,0,0,0,0,0,0,0,0,0,0,0,0,0,0,0,0,0,0,0,0
