0,0,0,0,5,0,2,0,0,0,0,2,0,0,7,0,0,0,3,0,0,0,0,2,22,11
0,0,0,1,1,0,8,1,2,2,3,0,0,0,4,0,0,0,2,0,0,0,1,0,14,5
0,0,0,0,0,0,46,2,0,1,12,0,0,0,0,0,0,0,0,0,0,0,0,0,44,0
0,0,0,0,3,0,1,0,0,0,0,3,0,0,6,0,0,0,5,0,0,4,1,1,4,3
0,0,0,0,1,0,1,0,1,1,0,3,0,0,7,0,0,0,1,0,0,5,0,3,4,4
0,0,0,2,0,0,8,0,0,0,0,0,0,0,0,0,0,0,0,0,0,0,0,0,1,6
0,0,0,0,0,0,0,0,2,0,0,0,0,0,0,0,0,0,0,0,0,0,0,0,0,0
0,0,0,0,0,0,0,0,0,0,0,0,0,0,0,0,0,0,0,0,0,0,0,0,0,0
0,0,0,0,0,0,0,0,0,0,0,0,0,0,0,0,0,0,0,0,0,0,0,0,0,0
0,0,0,0,0,0,0,0,0,0,0,0,0,0,0,0,0,0,0,0,0,0,0,0,0,0
0,0,0,0,0,0,0,0,0,0,0,0,0,0,0,0,0,0,0,0,0,0,0,0,0,0
0,0,0,0,0,0,0,0,0,0,2,0,0,0,0,0,0,0,0,0,0,0,0,0,1,0
0,0,0,0,0,0,0,0,0,0,0,0,0,0,0,0,0,0,0,0,0,0,0,0,0,0
