0,7,0,0,0,7,13,4,13,0,1,0,0,0,0,22,1,0,0,0,0,0,0,0,0,5
0,5,0,0,0,0,11,1,16,5,7,5,5,0,2,4,1,0,0,0,0,0,1,8,4,10
0,0,0,0,0,0,2,0,8,6,43,7,0,0,1,6,0,0,0,0,0,0,0,12,25,0
0,3,0,0,0,1,1,1,1,3,2,3,1,0,0,0,0,2,0,0,0,0,0,0,0,1
0,1,0,0,0,1,1,1,4,0,1,0,5,0,0,0,0,0,0,0,0,0,0,1,0,3
0,0,0,0,0,0,3,0,4,10,12,0,3,2,0,2,0,0,0,0,0,0,4,0,0,0
0,0,0,0,0,0,3,0,2,0,0,0,0,0,1,0,0,0,0,0,0,0,0,0,0,0
0,0,0,0,0,0,0,0,0,0,0,0,0,0,0,0,0,0,0,0,0,0,0,1,0,1
0,0,0,0,0,0,0,0,0,0,0,0,0,0,0,0,0,0,0,0,0,0,0,0,0,0
0,0,0,0,0,0,0,0,0,0,0,0,0,0,0,0,0,0,0,0,0,0,0,0,0,0
0,0,0,0,0,0,0,0,0,0,0,0,0,0,0,0,0,0,0,0,0,0,0,0,0,0
0,0,0,0,0,0,0,0,2,0,0,5,0,0,0,0,0,0,0,0,0,0,0,11,2,0
0,0,0,0,0,0,0,0,1,0,0,0,2,0,0,0,0,0,0,0,0,0,0,0,0,0
