0,17,0,0,0,0,0,0,1,7,0,0,0,0,0,18,0,0,3,4,1,0,16,0,0,3
1,7,0,1,1,0,0,0,14,12,0,0,0,0,0,6,0,0,10,1,0,0,10,0,0,0
1,0,0,146,8,0,0,0,0,3,0,1,0,0,0,0,0,0,0,0,0,0,0,0,0,0
6,4,0,12,1,0,0,0,0,8,2,1,0,0,3,0,0,3,7,3,1,0,5,0,3,1
4,0,0,1,0,0,0,0,8,10,0,1,0,0,0,0,0,0,5,2,1,0,3,0,0,3
2,3,0,0,0,0,0,0,0,0,20,0,0,0,0,0,0,0,0,0,0,0,8,0,0,0
0,0,0,0,0,0,0,0,0,0,0,0,0,0,0,3,0,0,4,0,0,0,1,0,2,0
0,0,0,0,0,0,0,0,0,0,0,0,0,0,0,0,0,0,0,0,0,0,0,0,0,0
0,0,0,0,0,0,0,0,0,0,0,0,0,0,0,0,0,0,0,0,0,0,0,0,0,0
0,0,0,0,0,0,0,0,0,0,0,0,0,0,0,0,0,0,0,0,0,0,0,0,0,0
0,0,0,0,0,0,0,0,0,0,0,0,0,0,0,0,0,0,0,0,0,0,0,0,0,0
0,0,0,0,2,0,0,0,0,0,0,1,0,0,0,0,0,0,0,0,0,0,0,0,0,0
0,0,0,0,0,0,0,0,0,0,0,0,0,0,0,0,0,1,0,0,0,0,0,0,0,0
