0,16,0,0,0,0,0,0,16,0,0,1,0,7,0,15,0,2,4,0,0,0,6,0,0,0
0,12,2,0,3,0,6,3,10,9,4,4,0,8,0,15,0,1,3,0,0,0,2,4,17,4
0,22,15,0,4,0,12,11,3,4,0,2,0,0,0,0,0,0,0,0,0,0,0,5,18,14
0,17,4,0,0,0,1,0,3,7,1,0,0,0,0,0,0,0,0,0,0,0,0,1,0,0
0,2,0,0,0,0,0,1,0,3,0,0,0,1,0,0,0,0,0,0,0,0,0,4,0,0
0,0,6,0,3,0,13,0,0,2,8,0,0,0,0,0,0,0,0,0,0,0,5,0,184,0
0,1,0,0,0,0,0,0,0,1,0,1,0,1,0,0,0,0,1,0,0,0,0,0,0,0
0,0,0,0,0,0,0,0,0,0,0,0,0,0,0,0,0,0,0,0,0,0,0,0,0,0
0,0,0,0,0,0,0,0,0,0,0,0,0,0,0,0,0,0,0,0,0,0,0,0,0,0
0,0,0,0,0,0,0,0,0,0,0,0,0,0,0,0,0,0,0,0,0,0,0,0,0,0
0,0,0,0,0,0,0,0,0,0,0,0,0,0,0,0,0,0,0,0,0,0,0,0,0,0
0,0,0,0,0,0,0,0,5,4,0,0,0,0,0,0,0,0,0,0,0,0,0,1,6,0
0,0,0,0,0,0,0,0,0,0,0,0,0,0,0,0,0,0,0,0,0,0,0,0,0,0
