0,22,0,0,0,0,0,2,0,1,0,0,0,0,0,18,0,0,0,0,0,0,10,0,8,0
0,9,0,0,0,0,3,2,2,6,1,3,0,3,0,13,4,0,0,0,0,0,6,0,2,0
0,1,0,0,0,0,2,0,0,4,2,266,0,0,0,0,0,0,0,0,0,0,2,0,2,0
6,4,0,0,0,0,3,3,0,10,3,0,0,3,0,9,0,2,0,0,3,4,1,0,12,1
7,1,0,0,0,0,0,6,1,0,0,0,0,8,0,3,0,0,0,0,0,0,2,0,24,0
0,2,0,0,0,0,7,0,0,3,0,0,0,0,0,2,237,0,0,0,0,0,3,0,0,0
0,2,0,0,0,0,0,0,0,1,0,0,0,0,0,5,0,0,0,0,0,0,1,0,0,0
1,0,0,0,0,0,0,0,0,0,0,0,0,0,0,0,0,0,0,0,0,0,0,0,0,0
0,0,0,0,0,0,0,0,0,0,0,0,0,0,0,0,0,0,0,0,0,0,0,0,0,0
0,0,0,0,0,0,0,0,0,0,0,0,0,0,0,0,0,0,0,0,0,0,0,0,0,0
0,0,0,0,0,0,0,0,0,0,0,0,0,0,0,0,0,0,0,0,0,0,0,0,0,0
0,0,0,0,0,0,0,0,0,1,5,0,0,0,0,0,0,0,0,0,0,0,0,0,10,0
0,0,0,0,0,0,0,1,1,0,0,0,0,2,0,0,0,0,0,0,0,0,0,0,0,0
