0,15,0,0,0,0,0,0,0,0,0,0,0,5,0,11,0,0,0,0,0,3,0,0,15,0
0,8,0,0,0,0,4,0,5,3,14,0,0,13,0,7,0,0,3,0,1,7,1,0,9,1
0,0,0,0,0,0,6,0,2,8,48,0,0,0,0,0,0,0,2,0,0,0,0,0,57,1
0,4,0,0,0,0,0,0,0,0,5,0,0,5,0,0,0,0,1,0,0,1,0,0,0,0
0,0,0,0,0,0,0,0,2,0,0,0,0,7,0,1,0,0,1,0,0,0,0,0,0,0
0,4,0,0,0,0,12,0,0,0,11,0,0,8,0,0,0,0,0,0,0,1,1,0,2,0
0,0,0,0,0,0,0,0,3,0,6,0,0,4,0,0,0,0,0,0,0,0,0,0,0,0
0,0,0,0,0,0,0,0,0,0,0,0,0,0,0,0,0,0,0,0,0,0,0,0,0,0
0,0,0,0,0,0,0,0,0,0,0,0,0,0,0,0,0,0,0,0,0,0,0,0,0,0
0,0,0,0,0,0,0,0,0,0,0,0,0,0,0,0,0,0,0,0,0,0,0,0,0,0
0,0,0,0,0,0,0,0,0,0,0,0,0,0,0,0,0,0,0,0,0,0,0,0,0,0
0,0,0,0,0,0,0,0,3,0,1,0,0,0,0,0,0,0,2,0,0,0,0,0,2,0
0,0,0,0,0,0,0,0,0,0,0,0,0,1,0,0,0,0,0,0,0,0,0,0,0,0
