0,4,16,0,2,0,0,8,1,0,0,0,0,0,0,6,15,2,0,0,0,0,2,0,0,2
3,5,23,0,1,4,0,15,4,6,2,0,0,1,3,1,2,0,0,2,0,0,0,3,6,1
0,3,90,0,0,0,0,1,0,12,4,0,0,2,0,0,0,1,0,1,0,0,0,3,10,1
0,4,3,0,2,0,0,2,0,4,0,0,0,2,0,0,6,0,0,0,0,0,2,0,2,2
0,2,1,0,4,0,0,0,2,2,0,0,0,2,1,0,10,0,0,0,0,0,2,0,2,2
11,21,23,0,3,236,0,2,6,2,0,0,0,0,0,0,0,0,0,172,0,0,3,0,0,0
0,0,0,0,0,0,0,0,0,0,0,0,5,0,0,0,0,0,0,0,0,0,0,0,0,0
0,0,0,0,0,0,0,0,0,0,0,0,0,0,0,0,0,0,0,0,0,0,0,0,0,0
0,0,0,0,0,0,0,0,0,0,0,0,0,0,0,0,0,0,0,0,0,0,0,0,0,0
0,0,0,0,0,0,0,0,0,0,0,0,0,0,0,0,0,0,0,0,0,0,0,0,0,0
0,0,3,0,0,0,0,0,0,0,0,0,0,0,0,0,0,0,0,0,0,0,0,0,0,0
0,0,0,0,0,0,0,1,0,1,17,0,0,0,0,0,0,0,0,0,0,0,0,3,2,0
0,0,0,0,1,0,0,0,0,0,0,0,0,0,0,0,0,0,0,0,0,0,0,0,0,0
