0,10,0,0,5,0,0,0,0,0,0,0,0,0,0,8,0,4,0,0,0,0,0,0,0,0
12,42,0,0,10,0,0,1,10,4,1,6,1,1,0,4,3,1,0,1,0,5,2,1,3,1
1,0,0,0,80,0,0,0,0,17,7,1,0,0,0,0,0,0,1,1,0,0,1,62,132,7
0,1,2,0,6,0,0,0,0,0,0,1,0,0,0,0,0,0,5,0,0,0,0,0,0,1
0,0,0,0,1,0,0,1,4,0,0,2,1,0,0,0,0,0,1,0,0,0,0,0,0,1
0,0,0,0,29,0,0,0,0,3,0,0,0,0,0,0,13,0,0,0,0,245,305,0,0,0
14,11,0,0,5,0,0,0,0,5,0,0,0,3,0,0,0,0,0,0,0,0,0,0,0,0
0,1,0,0,0,0,0,0,0,0,0,0,0,0,0,0,0,0,0,0,0,0,0,0,0,0
0,0,0,0,0,0,0,0,0,0,0,0,0,0,0,0,0,0,0,0,0,0,0,0,0,0
0,0,0,0,0,0,0,0,0,0,0,0,0,0,0,0,0,0,0,0,0,0,0,0,0,0
0,0,0,0,0,0,0,0,0,0,0,0,0,0,0,0,0,0,0,0,0,0,0,0,0,0
0,0,0,0,0,0,0,0,0,0,0,2,0,0,0,0,0,0,2,0,0,0,0,0,0,1
0,0,0,0,0,0,0,0,2,0,0,1,0,0,0,0,0,0,0,0,0,0,0,0,0,0
