3,11,0,0,0,0,0,2,2,0,0,0,0,0,0,19,0,0,0,0,0,3,2,0,0,0
5,11,1,11,0,4,3,4,6,3,2,6,3,8,3,8,0,0,0,0,3,5,2,9,3,15
32,1,50,54,0,51,0,0,3,17,7,42,11,18,4,26,0,0,0,0,0,18,0,39,12,121
5,2,13,7,0,2,0,1,7,0,1,1,0,0,0,0,0,0,0,0,0,2,0,1,0,4
0,0,0,0,0,0,0,1,3,0,1,1,0,1,0,0,0,0,0,0,0,2,0,0,0,0
2,0,0,0,0,266,0,0,0,0,0,0,132,5,0,20,0,0,0,0,0,4,13,31,0,0
2,0,0,0,0,0,7,1,0,0,0,0,0,0,4,0,0,0,0,0,7,3,0,0,0,1
2,1,1,0,0,0,0,0,0,0,0,0,2,1,0,0,0,0,0,0,0,0,0,0,0,1
0,0,0,0,0,0,0,0,0,0,0,0,0,0,0,0,0,0,0,0,0,0,0,0,0,0
0,0,0,0,0,0,0,0,0,0,0,0,0,0,0,0,0,0,0,0,0,0,0,0,0,0
0,0,0,0,0,0,0,0,0,0,0,0,0,0,0,0,0,0,0,0,0,0,0,0,0,0
0,0,0,0,0,0,0,0,0,0,1,2,0,0,0,0,0,0,0,0,0,0,0,5,3,0
0,0,0,0,0,0,1,0,0,0,0,0,0,1,0,0,0,0,0,0,0,0,0,0,0,0
