4,5,18,0,10,0,0,0,0,12,0,0,0,27,0,0,20,10,0,0,0,2,0,0,1,1
4,15,18,3,6,0,4,0,6,9,3,2,3,11,0,0,14,2,0,0,2,0,0,13,4,6
1,2,10,0,0,0,38,0,0,5,37,86,0,1,0,0,0,0,0,0,3,0,0,246,3,70
0,4,9,4,12,0,9,0,2,6,7,4,1,18,0,0,6,0,0,0,1,0,0,22,0,10
0,1,5,1,10,0,3,0,5,4,4,2,1,11,0,0,2,0,0,0,0,0,0,6,0,3
2,27,12,13,15,0,11,0,0,0,0,0,0,5,0,0,2,4,0,0,0,0,0,0,0,0
1,0,2,0,0,0,4,0,0,1,0,0,1,0,0,0,2,0,0,0,0,0,0,2,0,0
1,2,1,0,0,0,0,0,0,0,0,0,0,0,0,0,0,0,0,0,0,0,0,1,0,0
0,0,0,0,0,0,0,0,0,0,0,0,0,0,0,0,0,0,0,0,0,0,0,0,0,0
0,0,0,0,0,0,0,0,0,0,0,0,0,0,0,0,0,0,0,0,0,0,0,0,0,0
0,0,0,0,0,0,0,0,0,0,0,0,0,0,0,0,0,0,0,0,0,0,0,0,0,0
0,0,0,0,0,0,0,0,0,0,2,0,0,0,0,0,0,0,0,0,0,0,0,27,0,2
0,0,0,0,1,0,0,0,2,2,0,0,0,1,0,0,0,0,0,0,0,0,0,0,0,0
