0,6,12,0,0,0,0,0,0,5,0,0,0,0,0,0,17,11,0,1,0,1,0,0,4,0
0,9,16,0,0,13,0,19,6,7,10,1,0,0,7,2,6,3,1,3,0,4,0,0,13,2
0,22,31,0,0,81,0,150,146,1,4,1,0,0,0,0,0,0,0,2,0,1,0,0,18,1
0,4,2,0,0,6,0,4,0,3,3,1,0,0,0,2,0,0,0,0,0,0,0,0,3,7
0,0,1,0,0,4,0,0,0,1,5,0,0,0,1,0,0,0,0,0,0,0,0,0,0,2
0,2,2,0,0,11,0,234,0,15,83,0,0,0,0,3,12,6,86,0,0,1,0,0,35,0
0,1,0,0,0,2,0,0,0,0,0,0,0,0,8,4,0,0,0,0,0,0,0,0,0,3
0,0,0,0,0,0,0,0,0,0,0,0,0,0,0,0,0,0,0,0,0,0,0,0,0,0
0,0,0,0,0,0,0,0,0,0,0,0,0,0,0,0,0,0,0,0,0,0,0,0,0,0
0,0,0,0,0,0,0,0,0,0,0,0,0,0,0,0,0,0,0,0,0,0,0,0,0,0
0,0,0,0,0,0,0,0,0,0,0,0,0,0,0,0,0,0,0,0,0,0,0,0,0,0
0,0,0,0,0,3,0,0,0,0,0,1,0,0,0,0,0,0,0,0,0,0,0,0,0,2
0,0,0,0,0,0,0,0,0,0,1,0,0,0,0,0,0,0,0,0,0,0,0,0,0,0
