3,27,0,15,2,0,0,0,0,4,6,0,0,0,0,0,0,0,0,0,0,0,20,0,0,5
6,14,9,20,2,0,0,11,8,2,10,4,0,1,16,2,0,0,0,3,2,7,12,0,3,18
0,0,1,3,7,0,0,0,48,2,60,0,0,0,0,1,0,1,0,0,1,37,0,0,113,3
4,12,1,18,6,0,0,22,7,4,7,0,1,0,0,1,1,1,0,7,0,8,11,0,2,7
0,5,2,14,4,0,0,13,3,13,8,0,1,0,0,5,4,1,0,2,0,2,3,0,0,2
0,0,0,0,0,0,0,0,4,3,0,0,0,3,0,0,0,0,0,13,0,5,23,0,0,5
3,1,0,0,0,0,1,11,0,0,0,0,1,0,0,5,0,0,0,0,1,5,9,0,0,1
0,0,0,0,0,0,0,0,0,0,1,0,0,0,0,0,0,0,0,0,0,0,0,0,0,0
0,0,0,0,0,0,0,0,0,0,0,0,0,0,0,0,0,0,0,0,0,0,0,0,0,0
0,0,0,0,0,0,0,0,0,0,0,0,0,0,0,0,0,0,0,0,0,0,0,0,0,0
0,0,0,0,0,0,0,0,0,0,0,0,0,0,0,0,0,0,0,0,0,0,0,0,0,2
0,0,0,0,0,0,0,1,0,4,5,0,0,0,0,0,0,3,0,0,0,0,0,0,0,0
0,0,0,0,1,0,0,6,1,0,0,0,0,0,0,0,0,0,0,0,0,0,0,0,0,0
