0,1,0,0,18,0,0,14,0,3,10,0,0,0,9,0,0,6,10,0,0,2,0,0,6,17
2,4,0,0,15,0,0,38,2,7,20,16,1,2,7,0,3,8,5,0,4,8,3,3,24,11
31,3,0,0,0,0,0,64,3,0,169,0,0,0,0,0,1,0,5,0,45,44,15,1,75,0
1,0,0,0,1,0,0,8,0,0,1,0,0,3,3,0,0,14,0,0,0,3,2,0,5,2
1,0,0,0,0,0,0,0,0,5,5,0,0,10,1,0,1,5,0,0,0,0,0,0,3,1
0,3,0,0,0,0,0,8,0,0,2,0,5,4,6,0,3,0,0,0,0,15,0,4,290,255
0,0,0,0,0,0,0,1,0,0,0,0,0,0,0,0,0,2,0,0,0,0,0,2,0,0
1,0,0,0,0,0,0,0,0,0,0,0,0,0,0,0,0,0,0,0,1,0,0,0,3,1
0,0,0,0,0,0,0,0,0,0,0,0,0,0,0,0,0,0,0,0,0,0,0,0,0,0
0,0,0,0,0,0,0,0,0,0,0,0,0,0,0,0,0,0,0,0,0,0,0,0,0,0
0,0,0,0,0,0,0,0,0,0,0,0,0,0,0,0,0,0,0,0,0,0,0,0,0,0
0,0,0,0,0,0,0,0,0,0,8,0,0,0,0,0,0,0,0,0,0,0,0,0,6,0
0,0,0,0,0,0,0,0,0,1,0,0,0,0,0,0,0,0,0,0,0,0,0,0,0,0
