0,5,4,0,0,0,0,0,5,0,1,0,0,0,0,6,0,0,0,0,0,0,5,0,0,0
0,8,1,0,1,8,0,3,3,3,1,1,0,3,0,1,0,0,0,0,0,1,3,0,0,2
0,0,0,0,0,60,0,0,0,8,1,1,0,0,0,0,0,0,0,0,0,0,0,0,0,2
0,0,0,0,0,5,0,0,0,2,0,0,0,0,0,0,0,0,0,0,0,0,0,0,0,0
0,0,0,0,0,0,0,3,1,1,0,0,0,2,0,0,0,0,0,0,0,0,0,0,0,0
0,4,0,0,187,0,0,124,0,0,0,0,0,0,0,0,0,0,0,0,0,40,2,0,0,0
0,0,0,0,0,0,0,0,0,0,0,0,0,0,0,0,0,0,0,0,0,0,0,0,0,0
0,0,0,0,0,0,0,0,0,0,0,0,0,0,0,0,0,0,0,0,0,0,0,0,0,0
0,0,0,0,0,0,0,0,0,0,0,0,0,0,0,0,0,0,0,0,0,0,0,0,0,0
0,0,0,0,0,0,0,0,0,0,0,0,0,0,0,0,0,0,0,0,0,0,0,0,0,0
0,0,0,0,0,0,0,0,0,0,0,0,0,0,0,0,0,0,0,0,0,0,0,0,0,0
0,0,0,0,0,0,0,0,0,0,0,1,0,0,0,0,0,0,0,0,0,0,0,0,0,2
0,0,0,0,0,0,0,2,0,0,0,0,0,1,0,0,0,0,0,0,0,0,0,0,0,0
