6,7,4,0,7,2,0,3,0,3,1,4,0,0,2,20,2,0,0,0,0,0,0,0,1,0
2,4,4,2,8,7,0,1,4,5,4,1,0,0,0,5,1,0,0,0,0,0,1,3,2,0
2,2,2,0,91,16,0,0,0,6,2,0,0,0,0,0,0,0,0,0,0,0,0,3,2,0
10,6,0,0,0,4,3,0,0,1,0,0,0,0,0,2,0,0,0,0,0,0,0,0,0,0
17,1,0,0,4,2,0,1,0,5,0,0,0,0,0,3,0,0,0,0,0,0,0,0,0,0
1,0,394,92,0,0,0,0,0,0,29,3,0,0,0,0,3,0,0,0,0,0,4,0,0,0
0,0,0,0,0,0,0,0,0,0,0,0,3,0,0,0,0,0,0,0,0,0,0,0,0,0
0,1,0,0,0,0,0,1,0,0,0,0,0,0,0,0,0,0,0,0,0,0,0,0,0,0
0,0,0,0,0,0,0,0,0,0,0,0,0,0,0,0,0,0,0,0,0,0,0,0,0,0
0,0,0,0,0,0,0,0,0,0,0,0,0,0,0,0,0,0,0,0,0,0,0,0,0,0
0,0,0,0,0,0,0,0,0,0,0,0,0,0,0,0,0,0,0,0,0,0,0,0,0,0
0,0,0,0,0,4,0,1,0,0,4,0,0,0,0,0,0,0,0,0,0,0,0,3,2,0
0,0,0,0,1,1,0,1,0,2,0,0,0,0,0,0,0,0,0,0,0,0,0,0,0,0
