0,1,10,0,0,0,1,0,0,1,1,0,0,0,0,0,14,10,0,0,0,3,0,4,9,0
0,0,7,0,0,0,6,4,6,4,0,1,0,3,5,0,6,2,0,0,0,0,0,1,12,1
0,1,0,0,0,0,8,44,5,0,0,14,0,0,0,0,0,0,0,0,0,0,0,0,14,2
0,6,9,1,0,0,1,2,6,9,4,5,0,6,0,1,8,7,1,0,2,2,0,5,15,8
0,0,3,0,0,0,0,0,3,0,0,1,0,4,0,0,1,2,0,0,0,6,0,2,0,0
0,0,0,0,0,0,0,1,1,0,0,1,0,0,0,0,0,8,0,0,0,0,0,0,3,0
0,0,0,0,0,0,0,0,6,0,0,0,0,0,0,0,0,0,0,0,0,0,0,0,0,0
0,2,1,0,0,0,0,0,0,0,0,0,0,0,0,0,0,0,0,0,0,0,0,0,0,0
0,0,0,0,0,0,0,0,0,0,0,0,0,0,0,0,0,0,0,0,0,0,0,0,0,0
0,0,0,0,0,0,0,0,0,0,0,0,0,0,0,0,0,0,0,0,0,0,0,0,0,0
0,0,0,0,0,0,0,0,0,0,0,0,0,0,0,0,0,0,0,0,0,0,0,0,0,0
0,0,0,0,0,0,0,0,0,0,2,7,0,0,0,0,0,0,0,0,0,0,0,0,0,3
0,0,0,0,0,0,0,0,0,0,0,0,0,1,0,0,0,0,0,0,0,0,0,0,0,0
