1,1,13,0,0,0,0,1,0,6,0,0,0,0,0,0,7,9,17,0,0,0,0,3,0,0
7,2,1,2,1,0,3,6,3,11,4,2,0,4,0,0,2,7,10,1,1,2,0,9,4,0
3,0,0,2,3,0,0,0,12,100,20,4,0,0,0,0,0,46,14,0,0,1,1,46,31,0
0,3,3,0,6,0,7,12,0,7,0,0,0,0,0,1,0,1,5,0,0,1,1,0,1,0
0,0,3,0,0,0,3,7,0,2,1,0,0,2,0,0,0,0,0,0,0,0,1,0,0,0
0,144,0,4,0,0,0,0,0,0,0,0,0,430,0,0,0,15,0,3,124,23,0,0,0,0
0,1,0,0,0,0,0,0,0,0,0,0,0,0,0,0,0,0,7,0,0,0,0,0,0,0
0,0,0,0,0,0,1,0,0,0,0,0,0,0,0,0,0,0,0,0,0,0,0,0,0,0
0,0,0,0,0,0,0,0,0,0,0,0,0,0,0,0,0,0,0,0,0,0,0,0,0,0
0,0,0,0,0,0,0,0,0,0,0,0,0,0,0,0,0,0,0,0,0,0,0,0,0,0
0,0,0,0,0,0,0,0,0,0,0,0,0,0,0,0,0,0,0,0,0,0,0,0,0,0
0,0,0,0,0,0,0,0,0,5,0,6,0,0,0,0,0,0,0,0,0,0,0,7,1,0
0,0,0,0,0,0,0,2,0,0,0,0,0,0,0,0,0,0,0,0,0,0,0,0,0,0
