3,56,9,0,8,0,0,0,1,8,0,1,0,0,1,34,0,0,5,0,0,0,27,8,2,5
7,29,15,0,12,0,2,6,12,14,5,18,0,2,5,12,9,2,1,0,0,3,16,2,1,3
0,0,0,0,1,0,1,12,32,60,13,7,0,0,0,0,50,11,0,0,0,1,6,3,12,0
15,34,6,0,7,0,0,7,3,18,6,11,0,3,1,10,0,0,0,0,1,0,1,3,7,3
0,3,1,0,15,0,0,3,5,18,1,1,0,0,3,7,0,1,1,0,1,0,0,1,4,5
0,5,1,0,9,0,2,0,2,10,238,3,0,0,0,0,2,0,0,0,14,8,121,0,0,0
0,3,0,0,0,0,0,5,0,0,0,0,0,0,0,5,0,0,0,0,0,1,5,0,0,0
0,0,0,0,0,0,0,0,0,0,0,1,0,0,0,0,0,0,0,0,0,0,0,0,0,0
0,0,0,0,0,0,0,0,0,0,0,0,0,0,0,0,0,0,0,0,0,0,0,0,0,0
0,0,0,0,0,0,0,0,0,0,0,0,0,0,0,0,0,0,0,0,0,0,0,0,0,0
0,0,0,0,0,0,0,0,0,0,0,0,0,0,0,0,0,0,0,0,0,0,0,0,0,0
0,0,0,0,0,0,0,0,0,0,1,13,0,0,0,0,0,0,0,0,0,0,0,0,2,0
0,0,0,0,0,0,0,1,1,0,0,0,0,0,0,0,0,0,0,0,0,0,0,0,0,0
