21,27,2,15,7,0,0,11,0,0,3,1,10,8,1,24,6,5,0,9,0,10,2,0,16,1
17,26,5,13,2,6,9,52,4,5,13,5,13,45,6,6,0,5,35,13,1,9,9,6,20,12
0,48,30,16,0,49,61,103,6,20,32,58,44,2,0,0,0,16,2,1,4,0,0,2,38,25
5,8,3,14,4,1,4,30,1,0,4,7,9,26,10,2,1,0,2,6,0,2,3,4,5,3
0,0,0,8,2,0,1,13,1,1,3,5,7,6,4,2,1,1,2,1,0,0,0,0,1,3
2,11,0,19,9,114,0,260,0,0,0,12,90,66,41,36,9,5,31,36,0,9,21,29,5,84
0,4,0,0,0,0,0,4,0,0,0,0,3,14,4,0,0,0,0,10,0,0,0,0,1,0
3,0,2,0,0,0,0,1,0,0,0,0,1,0,0,0,0,0,0,0,0,0,0,1,1,2
0,0,0,0,0,0,0,0,0,0,0,0,0,0,0,0,0,0,0,0,0,0,0,0,0,0
0,0,0,0,0,0,0,0,0,0,0,0,0,0,0,0,0,0,0,0,0,0,0,0,0,0
0,0,0,0,0,0,0,0,0,0,0,0,0,0,0,0,0,0,0,0,0,0,0,0,0,0
0,0,2,1,0,0,0,2,0,0,14,0,0,0,0,0,0,0,0,0,0,0,0,3,4,0
0,0,0,0,1,1,1,4,0,0,0,2,0,1,0,0,0,0,0,0,0,0,0,0,0,0
