8,74,3,4,16,0,2,0,3,1,7,3,0,5,0,49,4,8,0,0,0,3,29,0,20,0
11,76,4,12,2,12,17,18,22,59,39,15,5,32,25,31,6,10,7,5,2,30,32,1,34,1
1,12,6,30,0,119,16,4,11,442,57,25,0,6,1,2,4,3,2,58,11,0,1,1,436,1
4,15,2,2,1,18,0,6,4,6,7,1,6,6,3,4,2,0,1,3,3,3,6,0,5,1
0,4,0,0,5,0,0,2,10,3,1,1,4,9,2,6,0,1,1,1,1,0,0,0,1,1
2,13,12,14,0,1,12,1,10,283,41,2,0,84,138,278,0,2,40,6,0,17,29,0,13,106
0,12,0,0,4,3,11,5,11,3,7,0,8,7,2,1,2,0,0,0,5,0,8,0,0,0
1,1,0,1,0,0,0,0,2,0,0,0,0,0,0,0,0,0,0,0,0,0,0,0,0,0
0,0,0,0,0,0,0,0,0,0,0,0,0,0,0,0,0,0,0,0,0,0,0,0,0,0
0,0,0,0,0,0,0,0,0,0,0,0,0,0,0,0,0,0,0,0,0,0,0,0,0,0
0,0,1,0,0,0,0,0,0,0,0,0,0,0,0,0,0,0,0,0,0,0,0,0,0,0
0,1,0,0,0,0,3,2,8,9,10,4,0,0,0,0,0,2,2,0,1,0,0,3,8,0
0,0,0,0,2,1,2,1,2,1,0,0,1,1,0,0,0,0,0,0,0,0,0,0,0,0
