9,48,4,10,8,2,0,3,4,3,1,4,0,0,4,48,2,0,0,0,0,0,23,0,2,0
7,30,12,5,9,7,15,10,23,14,14,18,0,17,0,20,5,1,0,0,20,7,14,8,15,5
2,3,8,0,91,16,31,3,29,28,41,13,0,0,0,0,0,0,0,0,223,45,0,3,5,3
16,15,3,0,1,4,16,1,6,3,0,0,1,1,1,3,0,0,0,2,0,1,3,0,11,6
17,3,7,0,4,2,0,1,6,5,1,0,1,5,3,5,0,0,0,0,0,0,3,0,4,3
2,16,398,92,0,0,178,0,0,0,37,3,0,194,0,2,5,4,0,0,95,10,109,0,0,0
0,1,0,0,0,0,5,12,0,0,0,0,4,3,0,0,0,0,0,0,0,0,0,0,0,0
1,1,0,0,0,0,1,4,1,0,0,1,0,0,0,0,0,0,0,0,2,0,0,1,1,0
0,0,0,0,0,0,0,0,0,0,0,0,0,0,0,0,0,0,0,0,0,0,0,0,0,0
0,0,0,0,0,0,0,0,0,0,0,0,0,0,0,0,0,0,0,0,0,0,0,0,0,0
0,0,0,0,0,0,0,0,0,0,0,0,0,0,0,0,0,0,0,0,0,0,0,0,0,0
0,0,0,0,0,4,1,1,0,0,8,6,0,0,0,0,0,0,0,0,0,0,0,3,7,1
0,0,0,0,1,1,0,2,2,2,0,0,0,0,0,0,0,0,0,0,0,0,0,0,0,0
