0,40,8,6,8,0,5,0,0,1,0,0,0,0,3,26,0,0,2,11,2,0,28,0,0,1
28,25,20,13,4,0,15,11,12,14,3,2,0,7,41,9,0,0,2,14,3,1,31,4,5,3
3,0,5,21,0,0,31,56,15,127,1,0,0,0,0,16,0,0,2,47,0,0,3,4,2,1
7,19,13,20,4,0,10,0,5,6,3,0,0,4,10,5,0,0,2,2,0,0,14,2,0,7
0,12,0,11,0,0,2,0,7,2,2,0,0,12,5,6,0,0,1,0,0,0,6,2,0,4
7,2,0,3,12,0,1,10,7,52,0,183,0,14,1,50,0,0,13,3,5,1,28,201,121,48
0,3,0,6,0,0,9,0,1,0,2,0,0,0,7,1,0,0,0,0,0,0,8,0,0,0
0,0,0,0,1,0,0,0,0,0,0,0,0,0,0,0,0,0,0,0,0,0,0,0,0,0
0,0,0,0,0,0,0,0,0,0,0,0,0,0,0,0,0,0,0,0,0,0,0,0,0,0
0,0,0,0,0,0,0,0,0,0,0,0,0,0,0,0,0,0,0,0,0,0,0,0,0,0
0,0,0,0,0,0,0,0,0,0,0,0,0,0,0,0,0,0,0,0,0,0,0,0,0,0
0,0,0,0,0,0,0,0,3,8,2,0,0,0,0,0,0,0,0,0,0,0,0,7,3,1
0,0,0,0,0,0,0,0,2,1,1,0,0,1,0,0,0,0,0,0,0,0,0,0,0,0
