1,55,6,0,10,0,6,4,3,5,0,0,0,6,4,61,0,1,0,0,1,5,24,5,3,0
7,44,4,8,40,11,38,20,20,26,16,8,4,6,22,35,3,7,1,3,7,13,21,15,30,6
1,21,48,2,84,49,138,11,27,64,15,2,0,9,0,1,0,0,9,3,195,26,2,7,57,8
2,9,6,2,15,12,32,6,15,12,3,0,10,11,4,11,0,3,0,4,6,4,8,1,7,8
0,1,0,0,4,0,3,4,11,1,0,0,3,6,4,5,0,0,0,1,3,2,0,0,2,0
2,242,56,2,18,363,26,16,2,10,220,11,0,249,30,10,42,29,0,29,3,13,33,25,27,0
0,0,0,0,0,0,7,3,1,0,0,0,4,1,3,3,0,0,0,0,0,5,12,2,3,0
1,1,0,0,0,0,2,0,1,0,0,0,0,0,0,0,0,0,0,0,0,0,0,0,0,0
0,0,0,0,0,0,0,0,0,0,0,0,0,0,0,0,0,0,0,0,0,0,0,0,0,0
0,0,0,0,0,0,0,0,0,0,0,0,0,0,0,0,0,0,0,0,0,0,0,0,0,0
0,0,0,0,0,0,0,0,0,0,0,0,0,0,0,0,0,0,0,0,0,0,0,0,0,0
0,0,0,0,0,0,0,2,0,17,14,2,0,0,0,0,0,0,0,0,0,0,0,1,1,9
0,0,0,0,1,0,2,1,1,1,0,0,0,0,0,0,0,0,0,0,0,0,0,0,0,0
