4,54,0,0,8,0,2,22,0,2,4,2,0,0,2,50,0,6,25,17,6,13,21,0,5,2
11,27,8,0,4,1,19,81,10,21,3,1,0,4,10,24,4,11,12,17,5,21,21,1,8,1
8,0,0,0,0,58,155,215,4,26,5,12,0,13,1,15,0,0,0,63,1,135,42,1,8,3
5,9,1,0,0,5,28,34,3,6,5,7,0,19,7,3,0,10,2,18,8,10,11,4,9,4
3,2,0,0,0,1,9,12,4,1,8,10,0,9,15,7,1,6,10,6,3,15,2,4,9,10
7,0,0,0,1,0,126,273,375,163,0,0,0,229,2,140,14,0,5,0,0,10,227,21,2,1
0,0,0,0,0,0,2,11,0,0,0,0,0,0,5,1,0,0,0,2,0,2,1,0,0,0
0,0,0,0,0,0,3,1,0,0,0,0,0,0,1,0,0,0,0,0,0,1,0,0,0,0
0,0,0,0,0,0,0,0,0,0,0,0,0,0,0,0,0,0,0,0,0,0,0,0,0,0
0,0,0,0,0,0,0,0,0,0,0,0,0,0,0,0,0,0,0,0,0,0,0,0,0,0
0,0,0,0,0,0,0,0,0,0,0,0,0,0,0,0,0,0,0,0,0,0,0,0,0,0
0,0,0,0,0,0,2,0,0,4,3,4,0,0,0,0,0,0,0,0,0,0,0,10,5,5
0,0,0,0,0,0,2,2,2,0,0,0,0,0,0,1,0,0,0,0,0,0,0,0,0,0
