5,53,1,2,31,0,0,0,2,1,3,0,0,4,1,60,4,8,14,0,0,3,26,0,2,1
19,111,5,0,62,1,4,3,24,23,6,19,2,11,25,47,15,2,21,1,1,9,18,10,14,8
6,111,37,0,80,0,4,6,32,70,9,10,0,0,1,0,0,0,1,1,1,0,46,185,150,39
6,15,5,1,11,0,10,13,13,6,4,1,0,3,1,25,6,0,8,0,2,7,1,7,10,6
3,3,0,1,2,0,4,5,10,8,1,2,2,7,6,8,4,0,4,0,2,3,0,1,5,4
14,36,0,0,29,120,2,0,10,206,0,0,0,0,3,4,22,0,3,0,0,262,331,0,0,96
14,13,0,0,6,0,10,0,0,5,0,0,1,4,0,1,1,0,0,0,0,0,1,0,2,0
0,1,0,0,1,0,0,0,0,0,0,0,0,0,0,0,0,0,0,0,0,0,0,0,0,0
0,0,0,0,0,0,0,0,0,0,0,0,0,0,0,0,0,0,0,0,0,0,0,0,0,0
0,0,0,0,0,0,0,0,0,0,0,0,0,0,0,0,0,0,0,0,0,0,0,0,0,0
0,0,0,0,0,0,0,0,0,0,0,0,0,0,0,0,0,0,0,0,0,0,0,0,0,0
0,4,0,0,0,0,0,0,4,6,0,10,0,0,0,0,0,0,2,0,0,0,0,0,3,6
0,0,0,0,0,0,0,0,2,0,0,1,0,2,0,1,0,0,0,0,0,0,0,0,0,0
