2,27,0,7,0,0,0,0,0,0,0,0,0,0,0,34,0,0,6,4,0,1,29,0,5,1
0,21,2,9,11,1,0,18,0,13,27,5,0,12,21,23,9,3,4,4,0,11,17,2,11,9
0,0,0,0,168,1,0,45,0,50,7,24,0,24,0,1,0,0,0,0,0,0,0,2,3,76
4,6,0,8,9,5,0,5,0,3,2,4,0,4,0,2,2,0,4,2,0,2,3,0,8,0
0,0,0,0,0,0,0,4,0,0,3,0,0,4,0,0,3,0,0,0,0,1,0,0,0,2
0,3,187,62,5,0,0,140,0,0,50,31,0,133,0,14,0,0,8,0,0,202,43,0,0,0
0,0,0,0,0,0,0,0,0,0,2,0,0,0,0,4,0,1,3,0,0,0,1,0,0,0
0,1,0,3,1,1,0,0,0,0,0,0,0,0,0,0,0,0,1,0,0,0,0,0,0,0
0,0,0,0,0,0,0,0,0,0,0,0,0,0,0,0,0,0,0,0,0,0,0,0,0,0
0,0,0,0,0,0,0,0,0,0,0,0,0,0,0,0,0,0,0,0,0,0,0,0,0,0
0,0,0,0,0,0,0,0,0,0,0,0,0,0,0,0,0,0,0,0,0,0,0,0,0,0
0,0,0,0,0,3,0,2,0,0,5,1,0,1,0,0,0,0,0,0,0,0,0,0,4,0
0,0,0,0,0,0,0,0,0,0,0,0,0,0,0,0,0,0,0,0,0,0,0,0,0,0
