2,20,0,0,9,0,0,0,1,0,0,0,24,9,14,7,0,2,17,2,0,0,36,0,0,4
1,11,0,7,18,7,6,14,8,26,18,0,40,13,22,15,14,8,2,5,7,4,16,4,3,7
0,1,0,0,0,61,0,1,52,83,20,0,2,0,33,39,125,33,0,0,0,1,2,1,1,5
4,0,0,5,0,6,3,5,2,1,8,0,25,9,15,10,0,1,0,5,4,4,4,1,6,19
0,0,0,1,0,0,0,6,1,3,4,0,11,1,10,0,0,1,0,0,0,0,1,2,0,10
0,0,0,0,0,6,0,16,15,284,567,0,3,5,4,74,68,0,0,0,121,54,16,157,0,13
0,2,0,0,0,0,0,2,0,0,0,0,6,2,0,1,0,2,0,0,0,7,3,1,0,0
0,0,0,0,0,0,0,0,0,0,1,0,1,1,3,2,0,0,0,0,0,0,0,2,2,2
0,0,0,0,0,0,0,0,0,0,0,0,0,0,0,0,0,0,0,0,0,0,0,0,0,0
0,0,0,0,0,0,0,0,0,0,0,0,0,0,0,0,0,0,0,0,0,0,0,0,0,0
0,0,0,0,0,0,0,0,0,0,0,0,0,0,0,0,0,0,0,0,0,0,0,0,0,0
0,0,0,0,0,0,0,0,0,3,17,0,0,0,0,0,0,0,0,0,0,0,0,0,3,5
0,0,0,0,0,0,0,2,0,0,0,0,0,0,0,0,0,0,0,0,0,0,0,0,0,0
