13,75,2,4,10,0,4,5,0,9,22,5,13,0,16,36,14,6,22,0,14,11,73,7,24,5
36,54,6,2,6,0,35,38,12,64,34,18,15,1,15,12,9,17,37,0,28,13,25,2,11,3
19,85,6,1,0,0,110,29,8,146,71,2,2,0,0,1,0,23,0,0,356,26,3,9,17,4
27,59,0,13,10,0,41,23,5,32,12,7,7,2,16,7,17,17,8,4,21,6,14,22,23,7
10,16,3,7,10,0,16,22,7,15,5,6,10,6,12,4,4,5,9,0,8,7,15,17,8,5
1,7,0,1,0,0,400,305,226,334,0,32,456,0,6,18,178,358,0,0,72,1,30,233,0,16
3,5,0,1,0,0,10,4,0,2,0,0,16,0,11,0,0,0,3,0,10,0,0,0,0,0
8,1,0,2,0,0,0,1,0,2,0,4,2,0,2,0,0,0,2,0,2,2,0,2,0,1
0,0,0,0,0,0,0,0,0,0,0,0,0,0,0,0,0,0,0,0,0,0,0,0,0,0
0,0,0,0,0,0,0,0,0,0,0,0,0,0,0,0,0,0,0,0,0,0,0,0,0,0
0,0,0,0,0,0,0,0,0,2,0,0,0,0,0,0,1,0,2,0,0,0,0,0,0,0
0,2,4,0,0,0,1,3,3,18,12,1,0,0,0,0,0,2,0,0,0,0,0,33,4,3
0,0,0,0,5,0,4,6,3,2,0,1,1,0,0,0,0,0,0,0,0,0,0,0,0,0
