9,103,4,0,8,5,0,5,0,3,1,0,10,0,13,94,16,2,0,1,2,3,58,0,15,12
10,50,0,1,1,19,7,21,39,26,11,21,9,9,53,38,7,0,0,11,2,1,29,3,8,5
1,1,1,0,0,121,9,56,200,28,24,381,0,0,3,3,0,3,0,1,0,0,3,6,15,2
6,12,0,0,1,14,3,10,21,16,9,3,10,4,31,11,0,2,0,2,4,4,8,0,14,8
7,5,0,0,3,7,0,13,9,1,4,1,4,13,16,3,0,0,0,5,3,0,5,0,24,4
2,8,0,3,0,24,7,1,5,8,0,0,0,10,55,22,241,0,0,124,7,1,30,0,0,0
4,2,0,0,0,0,0,5,1,1,0,0,1,0,10,5,0,0,0,1,0,0,1,0,0,0
2,3,0,0,0,0,0,1,0,0,0,0,0,0,4,0,0,0,0,0,0,0,0,0,0,0
0,0,0,0,0,0,0,0,0,0,0,0,0,0,0,0,0,0,0,0,0,0,0,0,0,0
0,0,0,0,0,0,0,0,0,0,0,0,0,0,0,0,0,0,0,0,0,0,0,0,0,0
0,0,3,0,0,0,0,0,0,0,0,0,0,0,0,0,2,0,0,0,0,0,0,0,0,0
0,0,0,0,0,4,0,1,2,9,12,7,0,0,0,0,0,0,0,0,0,0,0,2,18,1
0,0,0,0,1,0,0,2,1,0,0,0,0,2,0,0,0,0,0,0,0,0,0,0,0,0
