7,39,0,0,8,0,1,3,0,0,0,0,0,0,0,33,2,5,0,0,7,7,29,0,11,2
20,45,4,5,6,10,11,26,16,14,14,7,5,5,8,20,0,1,33,2,9,12,20,16,10,5
0,1,1,2,25,111,29,204,99,78,18,3,0,0,0,1,0,1,0,1,2,10,19,123,4,2
0,7,0,0,6,7,2,17,0,1,1,0,2,0,0,6,2,3,2,0,0,11,5,14,0,3
0,1,0,0,9,0,9,8,2,0,1,1,2,1,2,4,3,2,0,0,1,3,0,2,0,2
5,6,0,2,6,9,11,26,2,18,692,10,277,0,0,20,0,77,11,1,77,5,118,167,19,109
0,1,0,0,0,0,6,0,0,0,0,0,1,12,1,2,0,0,0,0,3,2,0,1,1,0
1,2,0,0,1,0,1,1,0,0,1,0,0,1,0,1,0,0,0,1,0,0,0,0,0,0
0,0,0,0,0,0,0,0,0,0,0,0,0,0,0,0,0,0,0,0,0,0,0,0,0,0
0,0,0,0,0,0,0,0,0,0,0,0,0,0,0,0,0,0,0,0,0,0,0,0,0,0
0,0,0,0,0,0,0,0,0,0,0,0,0,0,0,0,6,0,7,2,10,16,3,4,7,2
0,0,0,0,0,0,0,1,0,5,3,4,0,0,0,0,0,0,0,0,1,0,0,0,4,2
0,0,0,0,1,0,1,4,0,0,0,1,0,0,0,0,0,0,0,0,0,0,0,0,0,0
