3,48,2,3,9,0,1,10,5,0,2,0,1,0,8,16,12,0,0,1,4,2,30,0,3,2
12,23,0,0,2,1,16,20,17,15,11,10,7,12,29,6,12,3,0,3,8,18,32,0,21,5
3,0,0,0,74,5,350,18,18,79,9,6,0,2,13,29,1,0,0,0,61,11,1,0,70,2
0,12,0,1,10,0,16,9,6,4,9,3,4,4,10,3,9,0,0,0,4,5,16,3,7,4
0,3,0,2,6,0,4,13,12,3,4,2,3,6,2,3,7,1,0,0,0,5,6,0,5,5
30,2,0,0,22,0,0,29,11,0,89,143,24,13,107,0,0,12,0,0,1,11,31,0,0,0
0,0,0,0,0,0,8,1,0,0,0,0,3,3,0,0,0,0,0,2,3,0,0,0,0,0
1,0,0,0,0,0,1,1,0,0,1,0,0,0,1,0,0,0,0,0,0,0,0,1,3,0
0,0,0,0,0,0,0,0,0,0,0,0,0,0,0,0,0,0,0,0,0,0,0,0,0,0
0,0,0,0,0,0,0,0,0,0,0,0,0,0,0,0,0,0,0,0,0,0,0,0,0,0
0,0,0,0,0,0,0,0,0,2,0,0,0,0,0,0,0,0,0,0,0,0,0,0,0,0
0,0,0,0,0,0,1,1,1,0,6,12,0,0,0,0,0,0,0,0,0,0,0,0,11,2
0,0,0,0,0,0,0,0,0,0,0,1,0,0,0,0,0,0,0,0,0,0,0,0,0,0
