0,66,2,10,0,3,1,13,11,10,8,1,3,0,0,19,3,16,1,0,0,19,33,2,18,1
1,12,4,5,3,5,6,7,14,8,9,19,3,0,1,15,8,21,4,1,2,2,30,5,25,16
1,0,2,87,2,100,5,1,4,3,71,53,0,0,0,38,4,5,5,47,189,0,0,1,77,108
2,22,0,11,0,9,2,24,11,6,11,22,4,10,6,15,0,10,10,1,1,7,20,4,10,20
0,21,1,3,0,5,0,4,17,4,8,5,5,4,1,5,0,2,7,0,0,4,14,0,9,7
0,3,4,6,3,1,7,0,3,2,0,7,462,205,0,5,0,18,6,0,0,1,17,0,2,0
0,0,0,0,0,0,0,1,1,0,0,0,1,0,0,4,0,3,0,0,2,0,11,12,6,1
0,2,0,1,0,0,0,0,0,0,1,0,1,0,0,0,0,1,0,0,1,0,1,0,0,0
0,0,0,0,0,0,0,0,0,0,0,0,0,0,0,0,0,0,0,0,0,0,0,0,0,0
0,0,0,0,0,0,0,0,0,0,0,0,0,0,0,0,0,1,0,0,0,0,1,0,0,0
0,0,0,0,0,0,0,0,0,0,0,0,0,0,0,0,0,0,0,0,0,0,0,0,0,0
0,0,0,0,0,1,0,0,1,2,13,0,0,0,0,0,0,0,9,0,0,0,0,0,4,2
0,0,0,0,1,0,0,0,2,0,0,0,0,0,0,0,0,0,0,0,0,0,0,0,0,0
