8,53,0,0,5,17,0,2,7,0,0,19,0,0,7,28,1,9,21,0,0,5,39,0,0,4
11,25,0,1,16,13,6,0,24,14,11,21,0,0,24,19,1,2,4,2,1,2,25,1,3,16
0,1,0,3,14,58,929,4,92,33,7,69,0,0,3,1,0,0,2,1,4,0,0,9,125,267
8,27,2,2,22,32,16,2,1,8,10,3,2,0,10,10,0,8,3,10,3,5,16,3,21,9
6,16,0,0,7,18,0,2,9,0,5,7,2,0,3,0,0,8,6,1,3,3,3,0,9,2
2,0,0,0,4,188,0,0,6,88,442,50,30,0,64,21,0,0,0,0,158,0,24,0,72,2
3,0,0,0,8,0,0,0,0,0,0,4,0,0,8,7,0,0,0,0,0,3,1,0,0,0
0,0,0,0,0,0,0,0,0,0,0,0,0,0,0,0,0,0,0,0,0,0,0,0,5,0
0,0,0,0,0,0,0,0,0,0,0,0,0,0,0,0,0,0,0,0,0,0,0,0,0,0
0,0,0,0,0,0,0,0,0,0,0,0,0,0,0,0,0,0,0,0,0,0,0,0,0,0
0,0,0,0,0,0,0,0,0,0,0,0,0,0,0,0,0,0,0,0,0,0,0,0,0,0
0,0,0,0,0,0,7,0,6,12,4,1,0,0,0,0,0,0,0,0,0,0,0,0,3,7
0,0,0,0,1,0,1,0,2,0,0,0,0,0,0,0,0,0,0,0,0,0,0,0,1,0
