3,45,0,15,15,0,8,5,6,5,6,14,0,0,10,23,0,15,0,0,0,7,31,4,8,5
7,18,17,20,15,0,5,17,18,14,15,22,0,4,19,14,0,15,7,5,2,8,20,1,9,48
0,2,58,3,10,0,0,10,54,165,65,84,0,0,0,1,0,1,0,1,1,37,1,0,123,272
5,27,6,18,12,0,13,32,15,29,10,23,8,3,6,18,2,25,1,18,0,14,20,3,14,37
0,10,2,14,4,0,4,17,11,18,11,12,2,15,3,12,4,15,1,5,0,11,6,7,3,5
2,0,5,0,4,0,10,172,5,14,0,7,9,8,0,6,0,371,6,13,0,5,40,0,5,8
3,1,0,0,0,0,6,12,0,0,0,0,1,0,0,7,0,0,0,0,1,5,9,0,1,1
0,0,0,0,0,0,0,0,0,0,1,0,0,0,0,1,0,0,0,0,0,0,0,0,0,0
0,0,0,0,0,0,0,0,0,0,0,0,0,0,0,0,0,0,0,0,0,0,0,0,0,0
0,0,0,0,0,0,0,0,0,0,0,0,0,0,0,0,0,0,0,0,0,0,0,0,0,0
0,0,0,0,0,0,0,0,0,0,0,0,0,0,0,0,0,0,0,0,0,0,0,0,0,2
0,0,0,0,0,0,0,1,0,6,13,0,0,0,0,0,0,3,0,1,0,0,2,0,0,2
0,0,0,0,1,0,0,6,3,1,0,0,0,0,0,0,0,0,0,0,0,0,0,0,0,0
