3,59,0,8,0,0,6,4,28,11,3,0,0,0,12,44,12,3,7,0,0,2,18,0,0,3
2,16,19,3,44,0,5,12,16,4,17,10,0,4,7,18,5,0,3,4,1,17,21,8,15,18
0,0,139,0,190,0,4,13,12,3,51,83,0,0,1,1,1,0,0,62,1,143,132,83,208,134
3,37,9,8,21,0,4,4,18,19,14,1,0,0,15,18,6,4,8,1,0,5,8,11,3,11
1,21,0,10,6,0,3,3,24,8,10,1,0,4,11,12,2,4,2,0,0,3,5,1,1,6
0,2,193,3,7,0,12,130,3,2,6,41,0,0,0,6,22,4,3,0,0,2,22,3,1,0
0,2,0,0,0,0,0,3,2,0,0,0,0,0,0,1,3,0,0,0,0,0,16,0,0,1
0,0,0,0,0,0,0,0,0,0,0,0,0,0,0,0,0,0,0,0,0,0,0,0,0,0
0,0,0,0,0,0,0,0,0,0,0,0,0,0,0,0,0,0,0,0,0,0,0,0,0,0
0,0,0,0,0,0,0,0,0,0,0,0,0,0,0,0,0,0,0,0,0,0,0,0,0,0
0,0,0,0,0,0,0,0,0,0,0,0,0,0,0,0,0,0,0,0,0,0,0,0,0,0
0,0,0,0,0,0,2,7,1,7,13,0,0,0,0,0,0,0,0,0,0,0,0,4,12,2
0,0,0,0,0,0,0,0,1,0,0,0,0,1,1,1,0,0,0,0,0,0,0,0,0,0
