3,97,14,8,14,0,2,1,23,23,1,1,0,1,15,32,0,8,6,0,2,3,26,0,8,11
37,34,48,13,17,17,21,45,26,25,40,30,11,4,21,21,5,4,47,8,16,12,12,3,24,56
58,7,78,1,4,69,93,85,253,302,489,130,10,0,0,2,41,28,63,110,94,1,2,1,134,571
5,35,26,3,2,11,15,11,16,19,10,11,1,4,9,13,2,4,4,0,3,9,8,5,9,26
0,14,11,1,6,0,4,3,8,6,9,5,3,3,6,5,2,2,1,0,1,7,3,0,3,11
5,9,2,2,1,0,23,194,40,3,40,1,136,0,29,26,39,15,202,0,59,88,52,2,3,7
7,3,0,0,1,0,13,8,0,7,3,0,3,4,5,0,0,0,0,0,4,8,0,0,0,0
6,2,1,0,0,0,1,5,1,2,0,0,0,0,1,1,3,1,0,0,3,2,1,0,1,0
0,0,0,0,0,0,0,0,0,0,0,0,0,0,0,0,0,0,0,0,0,0,0,0,0,0
0,0,0,0,0,0,0,0,0,0,0,0,0,0,0,0,0,0,0,0,0,0,0,0,0,0
0,1,0,0,0,0,0,0,0,0,0,0,0,0,0,0,0,0,0,0,0,0,0,0,0,0
0,0,0,0,0,0,0,4,0,0,22,11,0,0,0,0,0,0,0,0,2,0,0,0,11,2
0,0,0,0,3,0,0,2,1,1,1,4,0,1,0,0,0,0,0,0,0,0,0,0,0,0
