0,59,0,0,0,0,14,12,9,1,0,1,0,0,0,27,0,20,1,0,35,8,40,0,5,12
1,33,0,0,1,0,13,15,21,21,27,24,0,5,19,33,1,20,5,0,6,8,26,6,16,37
3,0,0,0,0,0,9,28,14,103,200,122,0,0,0,2,0,0,0,0,0,1,1,30,120,242
1,37,0,8,2,0,10,11,5,9,15,5,0,4,8,8,1,11,9,0,5,5,7,2,11,21
1,15,0,7,0,0,5,4,6,9,2,3,0,4,2,3,1,7,7,0,0,1,0,0,3,6
0,3,0,0,0,0,9,12,133,7,8,3,0,0,0,28,0,18,6,0,0,92,37,64,0,3
0,0,0,0,0,0,0,0,1,0,10,0,0,0,5,6,0,7,2,0,0,3,2,0,0,0
1,0,0,0,0,0,0,0,0,0,0,0,0,0,0,0,0,0,1,0,1,0,0,0,0,0
0,0,0,0,0,0,0,0,0,0,0,0,0,0,0,0,0,0,0,0,0,0,0,0,0,0
0,0,0,0,0,0,0,0,0,0,0,0,0,0,0,0,0,0,0,0,0,0,0,0,0,0
0,0,0,0,0,0,0,0,0,0,0,0,0,0,0,0,0,0,0,0,0,0,0,0,0,0
0,0,0,0,0,0,0,2,0,13,1,6,0,0,0,0,0,0,0,0,0,0,0,0,2,1
0,0,0,0,0,0,0,1,2,0,0,0,0,1,0,0,0,0,0,0,0,0,0,0,0,0
