2,73,1,10,7,0,0,2,30,5,2,0,0,0,3,28,7,17,30,0,7,7,25,7,11,7
0,41,5,15,22,0,0,24,22,23,20,2,2,1,6,28,12,25,24,0,21,21,17,30,28,23
0,5,5,1,92,0,0,95,19,168,45,3,0,0,0,0,0,0,0,0,2,6,0,2,57,131
1,44,0,15,22,0,0,14,6,6,8,1,3,2,2,13,0,19,6,0,12,9,4,5,21,6
0,18,2,10,2,0,0,6,4,3,1,0,3,1,2,3,1,2,4,0,2,1,0,5,5,3
0,10,4,2,14,0,0,5,8,108,266,5,382,167,89,1,2,10,0,0,1,2,83,219,4,1
0,4,0,4,1,0,0,1,0,0,1,0,1,0,0,0,0,1,0,0,4,1,0,3,6,0
2,1,0,5,0,0,0,0,0,0,0,0,0,1,2,0,0,0,0,0,0,0,0,2,0,0
0,0,0,0,0,0,0,0,0,0,0,0,0,0,0,0,0,0,0,0,0,0,0,0,0,0
0,0,0,0,0,0,0,0,0,0,0,0,0,0,0,0,0,0,0,0,0,0,0,0,0,0
0,0,0,0,0,0,0,0,0,0,0,0,0,0,0,0,0,0,1,0,0,0,0,0,0,0
0,4,0,0,1,0,0,1,2,1,13,0,0,0,0,0,0,0,0,0,0,0,0,0,7,1
0,0,0,0,1,0,0,0,1,2,0,1,0,0,0,0,0,0,0,0,0,0,0,0,0,0
