0,126,15,0,2,0,6,8,16,0,2,1,0,0,4,37,6,0,11,3,0,3,49,10,1,16
7,34,2,4,6,2,13,20,51,2,26,7,6,8,29,7,0,4,10,11,6,20,18,31,22,30
0,26,133,27,23,1,64,33,362,13,136,17,0,1,0,1,1,0,3,3,7,0,6,13,185,110
23,61,18,29,11,0,10,13,42,4,9,2,2,7,19,14,9,4,9,3,3,19,19,14,6,20
4,49,2,4,4,0,3,8,19,2,6,0,6,7,5,8,4,2,1,6,3,0,10,2,2,12
9,10,0,11,523,2,687,5,17,0,11,0,7,57,273,31,16,88,4,153,50,95,47,0,25,17
12,3,0,0,0,0,6,0,1,0,0,2,2,0,3,0,0,0,0,0,3,0,0,0,1,0
3,3,1,1,1,0,0,1,2,0,0,0,0,0,1,1,1,1,1,1,0,1,2,0,0,0
0,0,0,0,0,0,0,0,0,0,0,0,0,0,0,0,0,0,0,0,0,0,0,0,0,0
0,1,0,0,0,0,0,0,0,0,0,0,0,0,0,0,0,0,0,0,0,0,0,0,0,0
0,0,0,0,0,0,0,0,0,0,0,0,0,0,0,0,0,0,0,0,0,0,0,0,0,0
0,12,0,0,0,0,0,0,2,0,13,0,0,0,0,0,0,0,0,0,0,0,0,9,9,2
0,0,0,0,0,0,1,2,3,2,0,1,1,3,0,0,0,0,0,0,0,0,0,0,0,0
