0,33,0,15,15,0,0,7,26,0,0,0,1,0,0,12,0,0,8,4,10,8,15,0,0,12
0,15,5,0,9,0,10,15,14,4,8,4,9,8,3,2,1,1,6,6,0,4,17,2,8,16
0,0,2,0,0,0,68,34,2,6,10,16,0,0,0,0,8,0,25,0,0,0,78,2,13,39
0,25,2,2,5,0,13,14,7,0,5,5,0,0,4,1,4,4,0,6,1,3,2,3,3,0
0,12,0,2,15,0,0,1,5,0,1,0,0,2,1,2,0,0,0,11,2,1,2,1,7,2
0,0,249,0,0,0,0,10,166,0,2,0,0,0,0,0,0,0,0,1,0,0,13,0,14,0
0,0,0,0,0,0,0,0,0,0,1,0,0,0,8,0,0,4,1,0,0,0,2,0,0,1
0,0,0,0,0,0,0,0,0,0,1,0,0,0,0,0,0,0,0,0,0,0,0,0,0,0
0,0,0,0,0,0,0,0,0,0,0,0,0,0,0,0,0,0,0,0,0,0,0,0,0,0
0,0,0,0,0,0,0,0,0,0,0,0,0,0,0,0,0,0,0,0,0,0,0,0,0,0
0,0,0,0,0,0,0,0,0,0,0,0,0,0,0,0,0,0,0,0,0,0,0,0,0,0
0,0,0,0,0,0,0,3,0,8,0,2,0,0,0,0,0,0,0,0,0,0,0,7,4,0
0,0,0,0,0,0,0,0,0,0,0,0,0,1,0,0,0,0,0,0,0,0,0,0,0,0
