5,73,9,11,8,1,14,5,34,0,1,2,4,0,9,55,10,10,6,7,21,15,60,4,2,27
26,34,14,3,13,20,43,22,47,3,15,22,20,16,48,18,9,17,2,8,12,35,46,7,7,63
3,1,2,1,0,11,254,7,87,5,102,102,18,10,1,0,0,28,0,1,2,264,25,1,6,317
11,23,9,1,13,13,30,23,18,0,2,6,2,13,19,13,10,7,3,5,7,14,2,12,7,41
7,10,9,1,0,3,5,8,11,0,1,0,5,12,5,5,6,1,6,4,3,3,1,11,3,17
6,3,0,2,0,147,24,122,263,0,66,52,206,11,45,3,291,28,0,0,0,210,74,9,3,18
0,1,0,0,1,7,25,2,3,0,0,0,4,6,22,1,8,0,0,0,4,26,7,3,4,8
0,0,0,0,0,0,0,1,0,0,0,0,2,0,0,0,3,0,0,0,0,1,0,1,0,0
0,0,0,0,0,0,0,0,0,0,0,0,0,0,0,0,0,0,0,0,0,0,0,0,0,0
0,0,0,0,0,0,0,0,0,0,0,0,0,0,0,0,0,0,0,0,0,0,0,0,0,0
0,0,0,0,0,0,0,0,0,0,0,0,0,0,0,0,0,0,0,0,0,0,0,0,0,0
0,0,0,0,0,5,2,0,6,8,3,17,0,0,1,0,0,2,0,0,0,0,0,0,0,7
0,0,0,0,0,0,0,2,1,0,0,0,2,3,0,0,0,0,0,0,0,0,0,0,0,0
