0,25,0,0,0,0,0,0,21,0,0,7,0,7,0,17,3,2,9,0,0,0,14,0,0,1
0,12,2,0,4,0,6,3,17,15,4,25,3,17,0,18,8,1,4,3,0,4,13,7,23,10
0,22,15,0,5,0,12,11,5,100,0,2,0,0,0,0,0,0,0,0,0,0,0,5,20,20
0,18,4,0,0,0,1,0,7,8,1,3,0,0,0,0,1,0,0,3,0,4,2,1,2,0
0,4,0,0,0,0,0,1,4,3,0,0,0,4,0,0,0,0,0,0,0,0,0,4,0,1
0,0,6,0,3,0,13,0,0,2,8,0,7,0,0,6,0,0,0,0,0,0,21,0,184,0
0,1,0,0,0,0,0,0,0,1,0,1,0,1,0,0,0,0,1,1,0,0,2,0,0,0
0,0,0,0,0,0,0,0,0,1,0,0,0,0,0,0,0,0,0,0,0,0,0,0,0,0
0,0,0,0,0,0,0,0,0,0,0,0,0,0,0,0,0,0,0,0,0,0,0,0,0,0
0,0,0,0,0,0,0,0,0,0,0,0,0,0,0,0,0,0,0,0,0,0,0,0,0,0
0,0,0,0,0,0,0,0,0,0,0,0,0,0,0,0,0,0,0,0,0,0,0,0,0,0
0,0,0,0,0,0,0,0,5,5,0,0,0,0,0,0,0,0,0,0,0,0,0,1,7,0
0,0,0,0,0,0,0,0,0,0,0,0,0,0,0,0,0,0,0,0,0,0,0,0,0,0
