18,30,6,4,0,0,14,2,4,3,0,1,0,0,5,17,31,7,2,0,0,14,22,0,0,4
1,26,6,3,0,0,27,11,9,12,22,14,0,0,15,13,23,9,4,6,5,11,10,4,29,16
0,1,1,1,0,0,50,99,3,45,58,46,0,0,0,0,9,10,2,100,185,0,0,1,27,23
0,9,15,3,0,0,22,4,1,5,2,1,0,0,8,10,13,12,4,1,3,0,2,0,8,11
0,11,2,4,0,0,1,1,3,0,0,0,0,0,2,9,0,4,0,0,0,0,0,0,0,1
0,10,5,4,0,0,3,2,0,1,9,25,0,0,14,2,271,3,0,37,20,7,17,0,0,0
0,0,1,0,0,0,12,3,11,0,0,0,0,0,15,0,2,5,0,0,5,0,0,5,2,0
0,1,1,0,0,0,1,0,0,0,0,0,0,0,0,0,2,2,0,1,0,0,1,0,0,0
0,0,0,0,0,0,0,0,0,0,0,0,0,0,0,0,0,0,0,0,0,0,0,0,0,0
0,0,0,0,0,0,0,0,0,0,0,0,0,0,0,0,0,0,0,0,0,0,0,0,0,0
3,0,0,0,0,0,0,0,0,2,0,0,0,0,0,0,0,0,0,0,0,0,0,2,11,7
0,0,0,0,0,0,0,0,0,5,3,0,0,0,0,0,0,0,0,0,0,0,0,0,5,2
0,0,0,0,0,0,0,0,2,0,0,0,0,0,1,1,0,0,0,0,0,0,0,0,0,0
