2,60,0,1,0,0,0,9,1,0,0,0,0,18,5,38,0,4,5,0,0,0,27,2,0,12
0,12,0,4,0,4,8,9,17,8,28,19,1,20,7,16,0,1,1,0,3,4,17,8,10,25
0,1,0,1,0,4,2,1,4,31,219,385,0,0,0,1,0,0,0,0,0,56,25,0,50,104
0,26,0,3,0,1,6,5,3,6,1,7,0,1,2,15,1,2,0,0,1,2,9,3,4,12
0,15,0,0,0,0,2,2,5,3,0,1,1,2,3,8,0,4,0,0,0,0,2,3,1,8
0,0,0,3,0,265,13,5,0,0,0,0,0,6,0,5,0,0,0,0,0,2,24,12,6,0
0,0,0,4,0,0,3,2,0,0,0,0,0,7,0,0,0,0,0,0,0,8,0,0,0,0
0,0,0,0,0,0,0,0,0,0,1,0,0,0,0,0,0,0,0,0,0,0,0,0,0,0
0,0,0,0,0,0,0,0,0,0,0,0,0,0,0,0,0,0,0,0,0,0,0,0,0,0
0,0,0,0,0,0,0,0,0,0,0,0,0,0,0,0,0,0,0,0,0,0,0,0,0,0
0,0,0,0,0,0,0,0,0,0,0,0,0,0,0,0,0,0,0,0,0,0,0,0,0,0
0,0,0,0,0,0,0,1,3,1,13,0,0,0,0,0,0,0,0,0,0,0,0,0,3,4
0,0,0,0,0,0,0,0,2,0,0,1,0,0,0,0,0,0,0,0,0,0,0,0,0,0
