0,56,0,0,0,5,6,6,0,0,0,5,0,12,9,34,0,0,15,12,0,0,15,0,0,1
5,6,3,0,2,0,3,22,7,10,9,22,0,32,15,54,4,0,17,5,0,2,10,3,0,21
0,0,1,0,0,1,2,14,136,93,50,46,0,0,0,3,0,0,1,0,0,0,1,0,1,77
1,19,0,2,0,4,4,7,5,11,0,6,1,16,6,31,0,7,4,0,1,0,0,1,1,8
1,17,0,4,0,5,3,4,6,6,0,4,1,6,1,3,0,0,3,0,1,0,0,0,1,3
7,0,9,0,0,250,9,55,0,0,82,10,0,5,51,5,0,0,0,0,65,0,12,0,0,1
5,0,0,0,0,0,0,2,3,0,0,0,0,9,0,7,0,0,2,0,0,6,0,8,0,1
0,0,0,0,0,2,0,1,0,0,0,0,0,1,1,0,0,0,0,0,0,0,0,1,0,0
0,0,0,0,0,0,0,0,0,0,0,0,0,0,0,0,0,0,0,0,0,0,0,0,0,0
0,0,0,0,0,0,0,0,0,0,0,0,0,0,0,0,0,0,0,0,0,0,0,0,0,0
0,0,0,0,0,0,0,0,0,0,0,0,0,0,0,0,0,0,0,0,0,0,0,0,0,0
0,0,0,0,0,0,0,0,0,16,0,5,0,0,0,0,0,0,0,0,0,0,0,0,0,6
0,0,0,0,0,0,0,0,0,0,0,1,0,0,0,0,0,0,0,0,0,0,0,0,0,0
