3,33,0,19,0,0,0,5,12,5,1,1,0,0,1,55,5,5,0,0,13,16,8,3,0,7
6,21,0,11,0,0,5,16,17,47,5,23,8,1,12,25,1,6,4,0,18,22,9,2,2,8
1,0,0,0,0,0,0,3,1,247,1,298,0,0,0,1,0,0,2,0,0,0,0,0,2,3
5,13,0,11,0,0,4,13,2,9,1,17,0,5,7,9,0,4,3,0,6,17,2,8,0,1
5,5,0,1,0,0,0,10,4,7,3,4,0,8,3,6,0,0,0,0,8,12,0,1,0,1
8,7,0,1,0,0,0,0,8,10,0,0,0,0,0,18,0,0,1,0,27,5,21,3,0,2
0,3,0,0,0,0,1,4,1,4,0,0,0,0,0,2,0,6,0,0,1,9,6,0,0,0
0,0,0,0,0,0,0,0,0,0,0,0,0,0,0,0,0,0,0,0,0,1,0,0,0,0
0,0,0,0,0,0,0,0,0,0,0,0,0,0,0,0,0,0,0,0,0,0,0,0,0,0
0,0,0,0,0,0,0,0,0,0,0,0,0,0,0,0,0,0,0,0,0,0,0,0,0,0
0,0,0,0,0,0,0,0,0,0,0,0,0,0,0,0,0,0,0,0,0,0,0,0,0,0
1,0,0,0,0,0,0,0,0,1,1,19,0,0,0,0,0,0,0,0,0,0,0,0,1,2
0,0,0,0,0,0,0,1,1,3,0,1,0,0,0,0,0,0,0,0,0,0,0,0,0,0
