1,63,2,5,3,3,6,4,0,3,2,0,0,0,3,43,4,0,0,0,3,5,29,0,10,0
3,69,9,7,0,7,16,15,11,5,13,43,10,13,9,14,2,0,1,0,30,18,20,18,10,4
2,1,29,0,0,2,153,10,28,2,21,12,6,24,0,0,0,0,4,0,94,1,0,70,9,6
21,7,4,3,0,8,13,8,7,4,21,5,0,3,0,11,0,0,2,0,18,2,13,4,14,5
5,2,0,0,1,4,3,4,8,1,11,4,2,4,3,7,1,0,2,0,3,4,7,1,12,4
6,4,265,0,0,77,4,2,5,0,4,0,0,51,8,20,0,0,96,0,76,11,37,3,0,0
0,4,0,0,0,0,0,2,5,3,2,0,0,6,0,0,0,0,0,0,15,0,2,16,0,0
1,1,1,0,1,0,1,0,1,0,1,0,0,0,1,0,0,0,0,0,1,0,1,1,0,0
0,0,0,0,0,0,0,0,0,0,0,0,0,0,0,0,0,0,0,0,0,0,0,0,0,0
0,0,0,0,0,0,0,0,0,0,0,0,0,0,0,0,0,0,0,0,0,0,0,0,0,0
0,0,0,0,0,0,0,0,0,0,0,0,0,0,0,0,0,0,0,0,0,0,0,0,0,0
0,0,0,0,0,0,1,0,0,0,17,5,2,0,0,0,0,0,0,0,0,0,0,7,3,5
0,0,0,0,2,0,0,3,2,1,0,1,0,1,0,0,0,0,0,0,0,0,0,0,0,0
