6,23,0,0,13,10,0,0,4,3,0,0,0,6,2,46,0,5,7,0,0,5,2,8,6,12
8,12,3,4,3,11,8,9,15,27,12,21,0,20,44,10,0,6,12,3,0,5,5,14,1,17
0,1,42,0,0,3,95,5,31,130,165,2,0,0,0,3,0,45,21,155,0,0,0,0,1,11
16,11,1,0,8,5,9,2,4,23,4,1,5,19,3,7,0,2,8,6,0,9,1,6,17,8
0,5,2,0,6,1,1,3,4,4,2,0,0,5,2,8,0,1,0,4,0,4,1,2,17,6
1,9,2,0,7,16,169,229,0,3,1,172,0,0,9,5,0,78,20,54,0,2,11,2,0,5
3,0,0,0,0,3,0,0,0,9,0,0,0,5,4,4,0,0,1,0,0,0,4,0,0,0
1,1,0,0,0,5,0,2,0,1,1,1,1,1,0,0,0,0,3,0,0,0,0,3,2,1
0,0,0,0,0,0,0,0,0,0,0,0,0,0,0,0,0,0,0,0,0,0,0,0,0,0
0,0,0,0,0,0,0,0,0,0,0,0,0,0,0,0,0,0,0,0,0,0,0,0,0,0
0,0,0,0,0,0,0,0,0,0,0,0,0,0,0,0,0,0,0,0,0,0,0,0,0,0
0,0,0,0,0,0,0,1,0,1,3,5,0,0,0,0,0,0,0,0,0,0,0,0,0,6
0,0,0,0,1,0,0,0,2,0,0,0,0,2,0,0,0,0,0,0,0,0,0,0,0,0
