0,56,0,5,4,0,22,7,18,0,0,0,0,9,0,32,0,0,0,0,0,1,18,0,0,1
7,35,0,5,11,0,18,23,11,36,16,13,2,24,3,11,6,0,0,0,13,3,18,4,5,19
0,0,0,0,0,0,0,2,1,123,68,4,0,0,0,0,0,0,0,0,1,0,4,0,11,38
0,9,0,4,1,0,2,3,6,13,0,2,0,11,1,6,6,0,0,0,1,1,5,1,0,5
0,9,0,15,0,0,0,1,13,5,0,0,2,7,1,0,0,0,0,0,0,0,1,0,0,1
6,0,0,0,0,0,2,3,0,3,0,3,0,11,11,3,9,0,0,0,2,55,214,3,0,4
2,3,0,0,0,0,1,4,3,1,0,0,0,0,0,0,3,0,0,0,0,0,0,0,0,0
0,4,0,0,0,0,0,0,0,0,0,0,0,0,0,0,0,0,0,0,0,0,0,0,0,0
0,0,0,0,0,0,0,0,0,0,0,0,0,0,0,0,0,0,0,0,0,0,0,0,0,0
0,0,0,0,0,0,0,0,0,0,0,0,0,0,0,0,0,0,0,0,0,0,0,0,0,0
0,0,0,0,0,0,0,0,0,0,0,0,0,0,0,0,0,0,0,0,0,0,0,0,0,0
0,0,0,0,0,0,0,0,0,8,5,9,0,0,0,0,0,0,0,0,0,0,1,0,0,9
0,0,0,0,0,0,0,3,1,0,0,0,0,1,0,0,0,0,0,0,0,0,0,0,0,0
