3,16,0,0,4,0,0,0,14,2,0,0,0,0,0,48,2,2,8,0,3,4,7,2,15,0
5,6,0,0,2,0,4,2,10,9,3,0,2,1,1,30,1,3,2,0,5,5,21,1,10,0
3,0,0,0,0,0,7,57,46,28,2,0,0,0,8,1,0,0,0,0,0,1,149,0,50,0
3,8,0,0,3,0,4,5,8,2,3,0,0,5,0,12,0,1,0,2,7,1,11,1,0,0
6,2,0,0,2,0,4,3,9,2,0,0,2,0,0,6,0,0,0,0,3,1,0,1,0,0
5,0,0,0,0,0,2,0,5,0,93,0,0,3,0,79,0,107,15,1,13,6,10,1,0,0
7,1,0,0,0,0,0,0,0,0,0,0,0,0,0,0,0,0,0,0,4,0,0,0,0,0
1,0,0,0,0,0,0,0,0,0,0,0,0,0,0,0,0,0,0,0,0,0,0,0,0,0
0,0,0,0,0,0,0,0,0,0,0,0,0,0,0,0,0,0,0,0,0,0,0,0,0,0
0,0,0,0,0,0,0,0,0,0,0,0,0,0,0,0,0,0,0,0,0,0,0,0,0,0
0,0,0,0,0,0,0,0,0,0,0,0,0,0,0,0,0,0,1,0,0,0,0,0,0,0
0,0,0,0,0,0,0,0,0,2,4,0,0,0,0,0,0,0,0,0,0,0,0,0,5,0
0,0,0,0,0,0,0,0,0,0,0,0,0,0,0,1,0,0,0,0,0,0,0,0,0,0
