6,90,1,0,1,0,7,0,20,9,0,0,0,1,26,47,9,0,0,0,1,2,29,2,6,8
10,51,6,0,18,0,0,14,27,34,5,6,0,6,24,11,4,0,3,0,5,8,27,2,15,1
16,28,49,9,0,0,1,49,45,150,14,195,0,0,0,0,1,0,0,0,34,61,407,0,8,1
8,51,4,1,3,0,4,20,17,41,6,8,2,10,33,22,19,1,0,0,4,12,23,3,12,7
14,16,0,0,5,0,4,6,21,16,5,4,0,11,39,13,17,2,0,0,1,19,9,1,10,9
2,4,8,0,2,0,0,0,24,7,1,0,0,5,136,51,0,0,0,0,0,0,36,0,10,0
0,5,0,0,0,0,3,4,4,0,0,0,3,4,0,0,0,0,0,0,1,0,12,3,3,0
2,9,2,0,1,0,2,1,2,3,1,1,0,3,6,1,3,0,1,0,1,3,2,3,1,1
0,0,0,0,0,0,0,0,0,0,0,0,0,0,0,0,0,0,0,0,0,0,0,0,0,0
0,0,0,0,0,0,0,0,0,0,0,0,0,0,0,0,0,0,0,0,0,0,0,0,0,0
0,0,0,0,0,0,0,0,0,0,0,0,0,0,0,0,0,0,0,0,0,0,0,0,0,0
0,0,0,0,0,0,0,1,1,1,20,8,0,0,0,0,0,0,0,0,0,0,0,0,5,1
0,0,0,0,2,0,0,4,1,2,0,2,0,1,0,0,0,0,0,0,0,0,0,0,0,0
