6,66,9,2,26,0,7,11,1,9,2,5,0,6,12,69,2,0,4,4,11,2,27,1,1,4
12,25,3,2,9,0,7,7,36,45,6,8,6,13,3,27,0,20,19,1,7,4,17,12,1,4
18,27,15,147,23,0,41,0,86,28,8,35,0,0,0,0,0,0,0,0,0,0,1,13,1,3
6,28,6,14,16,0,12,4,15,15,5,14,3,22,10,17,0,7,15,3,8,6,11,3,4,1
4,10,2,2,5,0,6,0,23,12,0,10,1,7,8,9,0,1,13,2,8,0,6,5,2,4
12,13,1,0,6,0,6,0,5,119,126,3,0,7,3,1,0,0,0,0,120,5,64,19,0,0
0,1,0,0,1,0,0,3,0,0,0,0,1,10,0,4,0,8,10,0,0,4,2,0,2,0
1,2,0,0,0,0,0,0,3,0,0,1,0,0,0,0,0,1,1,0,2,1,0,1,0,0
0,0,0,0,0,0,0,0,0,0,0,0,0,0,0,0,0,0,0,0,0,0,0,0,0,0
0,0,0,0,0,0,0,0,0,0,0,0,0,0,0,0,0,0,0,0,0,0,0,0,0,0
0,0,0,0,0,0,0,0,0,0,0,0,0,0,0,0,3,0,0,0,0,0,0,0,0,0
0,0,0,0,2,0,0,0,0,0,5,8,0,0,0,0,0,0,0,0,0,0,0,12,2,4
0,0,0,0,1,0,0,2,1,3,0,3,0,1,0,0,0,1,0,0,0,0,0,0,0,0
