0,31,5,0,0,0,9,2,10,14,2,0,3,10,3,62,5,0,0,0,3,0,21,0,10,20
1,28,4,13,22,13,3,8,17,33,6,5,4,16,0,28,4,0,8,2,11,20,11,4,8,17
0,3,0,5,145,15,0,7,45,40,6,8,16,1,0,2,0,0,10,0,0,26,0,69,2,53
8,9,9,2,14,1,0,4,8,25,0,3,7,21,6,8,1,0,21,0,1,1,3,3,7,3
0,7,7,0,2,2,0,2,7,30,0,0,11,18,3,2,2,0,9,0,6,0,3,2,5,4
0,4,0,0,13,19,0,0,4,2,0,0,11,85,10,22,0,1,383,29,36,0,18,0,0,9
0,8,0,0,0,0,1,5,2,0,2,0,0,13,2,3,0,0,0,0,4,0,0,0,4,0
0,0,0,0,0,0,0,0,1,0,0,0,0,0,0,0,0,0,0,0,0,0,0,0,0,0
0,0,0,0,0,0,0,0,0,0,0,0,0,0,0,0,0,0,0,0,0,0,0,0,0,0
0,0,0,0,0,0,0,0,0,0,0,0,0,1,0,0,0,0,0,0,0,0,0,0,0,0
0,0,0,0,0,0,0,0,0,1,0,0,0,0,0,0,0,0,0,0,0,0,0,0,0,0
0,0,0,0,4,0,0,1,4,2,4,7,0,0,0,0,0,0,3,0,0,0,0,0,2,6
0,0,0,0,1,0,0,0,2,7,0,0,0,0,0,0,0,0,0,0,0,0,0,0,0,0
