1,32,0,0,0,0,0,3,15,2,1,0,0,0,1,75,0,0,0,2,5,2,13,42,16,0
14,22,0,0,0,2,9,15,40,24,3,9,1,1,11,15,0,3,2,0,18,2,6,95,16,1
1,1,0,0,0,3,8,117,149,100,3,28,22,0,9,1,0,44,70,0,0,0,0,5,4,15
6,40,0,0,0,0,18,36,20,3,0,5,0,5,7,18,4,3,1,2,25,3,4,90,25,7
0,16,0,0,0,0,18,25,11,7,0,3,0,6,4,13,5,3,0,5,4,12,1,22,6,5
2,1,0,0,0,0,0,9,0,18,0,27,0,0,287,4,0,0,0,0,0,102,14,5,0,0
0,7,0,0,0,0,0,3,0,0,0,0,3,0,0,1,0,2,0,0,1,2,0,12,6,0
1,1,0,0,0,0,2,0,0,0,0,0,0,0,0,0,0,0,0,0,0,1,1,1,0,1
0,0,0,0,0,0,0,0,0,0,0,0,0,0,0,0,0,0,0,0,0,0,0,0,0,0
0,0,0,0,0,0,0,0,0,0,0,0,0,0,0,0,0,0,0,0,0,0,0,0,0,0
0,0,0,0,0,0,0,0,0,0,0,0,0,0,0,0,0,0,0,0,0,0,0,0,0,0
0,0,0,0,0,0,1,0,0,0,14,5,0,0,0,0,0,0,0,0,0,0,0,0,4,1
0,0,0,0,0,0,4,0,1,0,0,0,0,1,0,0,0,0,0,0,0,0,0,0,0,0
