5,30,7,0,11,3,26,0,6,4,0,0,0,0,2,38,0,0,0,0,7,7,19,0,0,0
5,9,17,5,19,1,18,8,24,15,11,1,0,6,2,11,1,0,0,7,6,2,9,9,8,3
1,0,2,0,63,0,2,0,50,64,15,10,0,0,0,0,0,0,0,0,1,0,1,1,4,14
9,13,3,2,18,1,12,0,14,2,0,0,3,2,3,5,2,0,0,0,10,4,5,3,12,2
3,5,0,0,1,0,3,1,17,5,1,0,1,2,2,10,1,0,0,0,4,2,2,1,2,0
0,0,2,7,2,0,6,0,4,0,0,0,0,2,0,0,5,0,0,0,22,9,23,3,0,0
0,1,1,5,0,0,0,0,2,0,0,0,0,0,0,1,0,0,0,8,0,0,0,0,0,0
0,1,1,0,0,0,0,0,0,0,0,0,0,0,0,0,0,0,0,0,0,0,0,0,0,0
0,0,0,0,0,0,0,0,0,0,0,0,0,0,0,0,0,0,0,0,0,0,0,0,0,0
0,0,0,0,0,0,0,0,0,0,0,0,0,0,0,0,0,0,0,0,0,0,0,0,0,0
0,0,0,0,0,0,0,0,0,0,0,0,0,0,0,0,0,0,0,0,0,0,0,0,0,0
0,0,0,0,0,0,0,0,0,0,9,0,0,0,0,0,0,0,0,0,0,0,0,0,5,2
0,0,0,0,0,0,0,0,5,1,1,0,0,0,0,0,0,0,0,0,0,0,0,0,0,0
