0,55,1,7,0,0,19,0,9,1,1,0,0,1,11,47,0,0,0,6,0,0,20,0,0,0
4,58,12,2,3,2,7,16,21,16,28,12,0,16,39,11,7,0,1,10,0,8,21,2,5,9
0,14,67,11,37,33,0,3,31,16,125,61,0,0,0,0,0,0,0,0,0,0,47,40,15,16
2,27,10,7,3,6,7,5,3,3,13,1,0,1,3,7,0,0,2,10,0,1,3,4,4,3
1,2,2,2,0,0,1,3,4,2,3,1,0,2,6,3,0,0,0,0,0,0,0,0,1,0
5,32,338,0,0,0,5,189,3,131,0,0,0,8,21,4,106,0,9,0,0,0,23,4,81,0
1,3,0,0,0,0,0,0,0,0,0,0,0,0,0,0,0,0,0,0,0,0,0,0,0,0
0,4,1,0,0,0,1,1,0,0,0,0,0,0,0,1,0,0,1,0,0,0,0,0,0,0
0,0,0,0,0,0,0,0,0,0,0,0,0,0,0,0,0,0,0,0,0,0,0,0,0,0
0,0,0,0,0,0,0,0,0,0,0,0,0,0,0,0,0,0,0,0,0,0,0,0,0,0
0,0,0,0,0,0,0,0,0,0,0,0,0,0,0,0,0,0,0,0,0,0,0,0,0,0
0,0,0,0,0,0,0,0,0,0,11,0,0,0,0,0,0,0,0,0,0,0,0,0,2,2
0,0,0,0,0,0,0,1,2,1,0,1,0,0,0,0,0,0,0,0,0,0,0,0,0,0
