0,23,0,0,0,0,6,11,3,0,0,0,0,1,0,10,0,0,0,0,0,8,16,0,1,2
1,11,0,0,0,0,7,11,14,23,8,9,0,3,2,17,0,0,0,0,0,13,15,3,10,14
0,0,0,0,0,0,1,0,2,89,45,18,0,0,0,1,0,0,0,0,0,0,1,0,2,47
4,13,0,0,0,0,5,5,8,3,1,1,0,2,0,20,1,0,0,0,0,7,5,1,0,2
0,2,0,0,0,0,2,0,4,2,0,1,0,3,2,2,0,0,0,0,0,5,4,0,1,2
0,3,0,0,0,0,211,0,0,1,0,1,0,0,0,2,0,0,0,0,0,0,10,1,9,0
0,0,0,0,0,0,2,0,0,0,0,0,0,0,0,5,0,0,0,0,0,5,0,0,0,0
1,0,0,0,0,0,0,0,0,0,0,0,0,0,0,0,0,0,0,0,0,0,0,0,0,0
0,0,0,0,0,0,0,0,0,0,0,0,0,0,0,0,0,0,0,0,0,0,0,0,0,0
0,0,0,0,0,0,0,0,0,0,0,0,0,0,0,1,0,0,0,0,0,0,0,0,0,0
0,0,0,0,0,0,0,0,0,0,0,0,0,0,0,0,0,0,0,0,0,0,0,0,0,0
0,0,0,0,0,0,0,0,3,1,9,0,0,0,0,0,0,0,0,0,0,0,0,0,1,4
0,0,0,0,0,0,0,0,1,0,0,0,0,0,0,0,0,0,0,0,0,0,0,0,0,0
