0,35,0,0,0,0,5,0,6,0,0,0,0,0,0,15,0,0,0,0,0,0,4,6,2,1
0,20,3,0,2,6,3,1,13,7,17,9,0,6,1,6,0,0,0,0,0,2,3,5,3,0
0,0,4,0,8,67,22,13,0,7,90,15,0,0,0,0,0,0,0,0,0,0,0,2,1,0
0,15,1,0,2,5,2,7,4,0,5,2,0,2,0,3,0,0,0,0,0,0,6,4,6,4
0,2,0,0,3,0,0,5,5,0,1,2,0,5,0,0,0,0,0,0,0,0,0,2,3,1
0,0,0,0,0,0,2,0,0,11,8,0,0,0,0,6,0,0,0,0,0,0,9,8,0,0
0,2,0,0,0,0,0,0,2,0,0,1,0,0,3,0,0,0,0,0,0,0,0,0,0,0
0,0,0,0,0,0,0,0,0,0,0,1,0,0,0,0,0,0,0,0,0,0,0,0,0,0
0,0,0,0,0,0,0,0,0,0,0,0,0,0,0,0,0,0,0,0,0,0,0,0,0,0
0,0,0,0,0,0,0,0,0,0,0,0,0,0,0,0,0,0,0,0,0,0,0,0,0,0
0,0,0,0,0,0,0,0,0,0,0,0,0,0,0,0,0,0,0,0,0,0,0,0,0,0
0,0,0,0,1,0,0,0,0,0,5,0,0,0,0,0,0,0,0,0,0,0,0,0,2,0
0,0,0,0,0,0,0,0,3,0,0,1,0,1,0,0,0,0,0,0,0,0,0,0,0,0
