2,22,13,0,0,0,0,0,18,1,1,3,0,0,0,27,8,0,0,0,0,0,13,0,0,8
12,17,4,0,1,9,6,4,28,29,1,2,0,5,6,7,2,0,0,0,0,10,8,1,8,13
1,0,0,0,0,63,178,1,15,55,1,1,0,0,0,0,2,0,0,0,0,0,0,1,1,3
18,7,1,0,0,6,4,0,11,16,0,1,0,1,1,1,0,0,0,0,0,0,0,0,1,10
2,0,0,0,0,0,0,3,4,8,0,1,0,2,1,1,0,0,0,0,0,0,0,0,0,9
29,4,0,0,187,0,2,124,1,18,0,0,0,191,0,0,0,0,0,0,0,40,11,0,0,63
0,0,0,0,0,0,0,0,0,13,0,0,0,3,0,1,0,0,0,0,0,2,0,0,0,0
0,0,0,0,0,0,0,0,1,0,0,0,0,0,0,0,0,0,0,0,0,0,0,0,0,1
0,0,0,0,0,0,0,0,0,0,0,0,0,0,0,0,0,0,0,0,0,0,0,0,0,0
0,0,0,0,0,0,0,0,0,0,0,0,0,0,0,0,0,0,0,0,0,0,0,0,0,0
0,0,1,0,0,0,0,0,0,0,0,0,0,0,0,0,0,0,0,0,0,0,0,0,0,0
0,0,0,0,0,0,0,0,0,8,0,1,0,0,0,0,0,0,0,0,0,0,0,4,0,3
0,0,0,0,0,0,0,2,0,1,0,2,0,1,0,0,0,0,0,0,0,0,0,0,0,0
