0,7,2,0,0,0,10,2,2,2,0,0,0,4,5,30,4,4,0,0,3,0,24,0,2,1
0,37,6,0,0,0,6,6,13,4,3,1,0,8,9,14,2,0,0,0,5,0,8,4,7,3
0,71,4,0,0,0,23,113,7,19,4,1,0,1,0,0,93,0,0,0,0,0,1,6,8,43
0,24,6,0,0,0,10,11,12,3,7,0,0,5,8,20,3,1,0,0,15,2,16,4,3,5
0,12,6,0,0,0,8,9,9,2,2,0,0,3,0,7,2,3,0,0,4,4,6,3,1,3
0,11,7,0,0,0,12,268,0,2,0,0,0,0,0,0,52,19,0,0,0,0,13,0,118,0
0,5,0,0,0,0,0,0,2,0,0,0,0,4,0,0,0,0,0,0,0,0,1,0,0,0
0,1,0,0,0,0,0,0,0,0,0,0,0,0,0,0,1,0,0,0,0,0,0,0,0,0
0,0,0,0,0,0,0,0,0,0,0,0,0,0,0,0,0,0,0,0,0,0,0,0,0,0
0,0,0,0,0,0,0,0,0,0,0,0,0,0,0,0,0,0,0,0,0,0,0,0,0,0
0,0,0,0,0,0,0,0,0,0,0,0,0,0,0,0,2,0,0,0,0,0,0,0,0,0
0,0,0,0,0,0,3,0,0,4,4,7,0,0,0,0,0,0,0,0,0,0,0,0,1,3
0,0,0,0,0,0,0,0,0,0,0,0,0,0,0,0,0,0,0,0,0,0,0,0,0,0
