10,85,1,4,0,7,22,5,19,2,1,0,0,9,26,92,24,3,0,0,2,6,39,0,18,1
22,42,8,1,5,6,35,16,66,17,26,14,6,46,22,29,21,8,0,7,7,20,44,11,14,8
7,71,2,0,0,0,19,132,319,47,284,75,18,0,6,25,1,23,0,15,11,8,67,23,30,9
10,19,1,0,1,6,2,24,13,2,8,4,6,8,2,7,13,5,2,0,1,4,14,14,8,14
8,6,0,0,0,2,0,16,18,1,13,4,8,11,2,2,6,1,2,0,0,6,2,9,10,7
37,5,1,0,4,21,2,0,313,45,0,7,55,1,4,12,61,0,3,0,6,28,107,109,8,0
13,2,0,0,2,1,12,6,10,1,0,0,0,11,3,2,10,0,0,0,1,13,2,0,1,0
0,0,0,0,0,0,0,1,1,0,0,0,0,0,0,0,0,0,0,0,1,0,0,0,0,2
0,0,0,0,0,0,0,0,0,0,0,0,0,0,0,0,0,0,0,0,0,0,0,0,0,0
0,0,0,0,0,0,0,0,0,0,0,0,0,0,0,0,0,0,0,0,0,0,0,0,0,0
0,0,0,0,0,0,0,0,0,0,0,0,0,0,0,0,0,0,0,0,0,0,0,0,0,0
0,0,0,0,0,0,2,2,2,3,18,3,5,0,0,0,0,0,0,0,0,0,0,8,2,11
0,0,0,0,0,0,3,1,3,0,0,3,0,2,0,0,0,0,0,0,0,1,0,0,0,0
