15,57,5,24,19,0,17,11,23,2,1,2,0,38,20,67,9,3,5,0,26,15,53,1,17,3
32,64,2,16,35,0,36,42,62,22,29,3,7,36,35,18,3,9,13,3,27,18,42,10,42,29
9,3,1,1,18,0,127,40,358,163,364,1,0,0,0,0,0,5,21,0,39,1,6,7,190,272
15,28,3,19,21,5,13,20,35,33,2,8,3,31,6,10,11,17,2,0,17,12,23,5,39,16
0,3,4,7,4,2,0,16,18,10,8,9,1,24,3,2,2,8,4,0,6,14,10,9,14,2
11,10,208,67,0,0,15,31,1,246,399,0,156,19,3,0,89,54,0,10,78,20,36,9,60,11
0,3,0,0,0,0,13,9,9,0,0,0,13,3,8,5,2,10,0,0,3,20,2,0,0,15
2,3,0,0,0,0,1,1,1,1,1,0,0,0,0,0,0,0,3,0,1,0,0,0,0,0
0,0,0,0,0,0,0,0,0,0,0,0,0,0,0,0,0,0,0,0,0,0,0,0,0,0
0,0,0,0,0,0,0,0,0,0,0,0,0,0,0,0,0,0,0,0,0,0,0,0,0,0
2,0,4,0,0,0,0,0,0,2,0,0,0,0,0,0,2,0,2,0,0,0,0,0,0,0
0,0,0,0,5,0,0,8,5,8,16,3,0,0,0,0,0,2,0,0,0,2,1,0,15,0
0,0,0,0,0,0,1,2,1,1,0,1,0,4,0,0,0,0,0,0,0,0,0,0,0,0
