0,15,0,0,0,0,0,0,0,0,0,0,0,0,0,9,0,0,4,40,0,1,11,0,0,0
0,26,0,0,0,0,0,6,14,17,18,8,0,7,5,17,0,3,3,17,0,0,14,0,4,2
0,0,0,0,0,0,0,0,63,24,86,32,0,0,0,1,0,0,0,1,0,0,0,0,15,6
0,2,0,0,0,0,0,0,12,15,7,9,0,5,0,15,0,3,0,2,0,4,0,2,1,5
0,2,1,0,0,0,0,2,5,0,2,3,0,8,4,1,0,0,0,4,0,2,1,0,1,0
0,0,0,0,0,0,0,0,2,9,1,0,0,0,2,3,0,12,0,0,0,0,21,0,5,2
0,0,0,0,0,0,0,0,0,0,2,0,0,0,0,2,0,0,0,2,0,0,1,0,0,0
0,0,0,0,0,0,0,0,0,0,0,0,0,1,0,0,0,0,0,0,0,0,0,0,0,0
0,0,0,0,0,0,0,0,0,0,0,0,0,0,0,0,0,0,0,0,0,0,0,0,0,0
0,0,0,0,0,0,0,0,0,0,0,0,0,0,0,0,0,0,0,0,0,0,0,0,0,0
0,0,0,0,0,0,0,0,0,0,0,0,0,0,0,0,0,0,0,0,0,0,0,0,0,0
0,0,0,0,0,0,0,0,0,0,15,7,0,0,0,0,0,0,0,0,0,0,0,0,3,1
0,0,0,0,0,0,0,0,3,0,0,0,0,1,0,0,0,0,0,0,0,0,0,0,0,0
