1,72,5,6,3,0,4,8,15,0,0,0,0,1,12,53,3,0,0,6,2,1,15,0,0,0
3,51,0,2,9,0,30,43,49,25,13,7,2,30,15,26,9,0,0,12,27,17,15,6,14,22
1,2,0,0,0,0,29,228,282,5,239,18,0,0,1,25,0,3,0,0,8,37,0,134,11,95
1,31,2,3,2,0,8,9,8,0,3,1,0,8,0,23,2,0,0,5,19,7,6,3,5,0
0,2,1,0,0,0,8,14,13,2,1,0,0,7,1,17,3,0,0,1,7,2,2,0,1,0
4,5,0,0,9,1,6,246,41,49,0,0,14,2,3,0,3,0,0,3,605,117,24,2,39,47
0,4,0,0,3,0,9,6,2,2,0,0,0,15,2,8,0,0,0,4,6,5,0,1,3,0
1,2,0,0,0,0,0,0,0,1,0,1,0,0,0,0,0,0,0,1,1,1,0,1,0,0
0,0,0,0,0,0,0,0,0,0,0,0,0,0,0,0,0,0,0,0,0,0,0,0,0,0
0,0,0,0,0,0,0,0,0,0,0,0,0,0,0,0,0,0,0,0,0,0,0,0,0,0
0,0,0,0,0,0,0,0,0,0,0,0,0,0,0,0,0,0,0,0,0,0,0,0,0,0
0,0,0,0,0,0,5,1,0,1,12,11,0,0,0,0,0,0,0,0,0,0,0,0,12,2
0,0,0,0,0,0,1,1,3,0,0,1,0,1,0,0,0,0,0,0,0,0,0,0,0,0
