3,16,0,0,0,0,0,0,2,0,0,0,0,0,2,31,2,0,0,21,6,0,34,7,1,1
10,21,6,6,0,2,0,0,20,15,1,4,0,3,6,17,1,0,3,10,9,3,36,5,13,9
1,0,3,0,0,0,0,0,75,77,3,69,0,0,5,0,0,0,2,0,0,48,7,0,5,75
14,12,5,0,0,0,0,0,15,4,0,0,0,2,5,7,0,0,0,2,3,1,13,1,8,18
3,4,0,0,0,0,0,0,9,2,0,0,0,2,1,0,0,0,0,0,1,1,2,0,4,6
6,0,297,0,0,24,0,0,3,9,0,0,0,0,86,36,77,0,0,3,0,0,22,0,2,0
1,0,0,0,0,0,0,0,3,1,0,0,0,3,0,9,0,1,4,0,0,0,15,0,1,10
0,0,1,0,0,0,0,0,0,0,0,0,0,1,0,0,0,0,0,3,4,0,2,0,3,0
0,0,0,0,0,0,0,0,0,0,0,0,0,0,0,0,0,0,0,0,0,0,0,0,0,0
0,0,0,0,0,0,0,0,0,0,0,0,0,0,0,0,0,0,0,0,0,0,0,0,0,0
0,0,0,0,0,0,0,0,0,0,0,0,0,0,0,0,0,0,0,0,0,0,0,0,0,0
0,0,0,0,0,0,0,0,0,4,7,3,0,0,0,0,0,0,4,0,0,0,0,0,4,3
0,0,0,0,0,0,0,0,1,0,0,0,0,0,0,0,0,0,0,0,0,0,0,0,0,0
