4,32,1,9,0,0,4,9,5,0,3,0,0,0,4,48,3,0,0,0,0,10,41,0,0,2
10,32,10,8,8,12,45,38,15,9,28,16,19,25,26,30,8,9,1,1,12,10,22,8,13,6
1,38,1,5,11,45,62,192,20,34,62,9,0,1,1,0,28,9,0,0,0,38,159,0,57,2
1,2,4,8,7,7,17,10,5,5,10,7,8,2,5,2,5,0,1,3,0,3,2,3,3,11
0,0,2,14,6,0,0,1,6,2,0,2,9,2,5,0,1,0,0,0,0,0,0,0,0,4
2,2,1,11,3,2,550,1,23,0,0,28,160,150,0,2,0,0,74,0,13,4,21,38,3,65
0,0,0,0,0,0,19,0,3,0,0,0,13,3,12,2,5,0,0,0,0,0,0,0,0,0
2,0,1,10,2,0,0,2,0,0,0,0,0,2,4,1,1,1,0,0,0,0,2,0,2,1
0,0,0,0,0,0,0,0,0,0,0,0,0,0,0,0,0,0,0,0,0,0,0,0,0,0
0,0,0,0,0,0,0,0,0,0,0,0,0,0,0,0,0,0,0,0,0,0,0,0,0,0
0,0,0,0,0,0,0,0,0,0,0,0,0,0,0,0,0,2,0,0,0,0,0,0,0,0
0,0,1,1,0,3,0,0,0,0,4,6,0,0,0,0,0,5,0,0,0,0,0,0,5,2
0,0,0,0,0,0,0,0,1,0,0,0,5,0,1,0,0,0,0,0,0,0,0,0,0,0
