0,13,0,0,0,0,23,0,0,0,15,0,0,0,4,64,1,5,0,0,2,10,23,9,5,1
0,23,0,4,3,13,12,9,23,13,28,10,9,7,4,17,0,2,0,1,4,10,16,9,19,1
0,0,0,3,1,1,0,17,203,60,221,159,1,0,0,1,0,0,0,0,3,9,2,15,13,1
2,13,0,3,0,3,8,5,18,9,33,6,0,0,7,29,1,4,0,4,2,11,15,9,13,1
2,0,0,5,0,4,4,2,10,1,13,4,3,2,3,28,0,4,0,1,7,14,8,10,10,1
0,1,0,1,4,0,0,1,2,13,0,1,0,14,0,108,0,0,0,155,0,7,27,0,138,1
0,0,0,2,0,0,0,1,2,0,0,0,0,0,0,0,0,0,0,0,0,1,2,0,0,0
2,0,0,1,0,0,0,0,0,0,0,0,1,0,0,1,0,0,0,0,0,0,0,0,1,0
0,0,0,0,0,0,0,0,0,0,0,0,0,0,0,0,0,0,0,0,0,0,0,0,0,0
0,0,0,0,0,0,0,0,0,0,0,0,0,0,0,0,0,0,0,0,0,0,0,0,0,0
0,0,0,0,0,0,0,0,0,0,0,0,0,0,0,0,0,0,0,0,0,0,0,0,0,0
0,0,0,0,0,1,0,2,0,7,1,0,0,0,0,0,0,0,0,0,0,4,0,16,11,0
0,0,0,0,0,0,0,0,2,0,0,0,0,1,0,1,0,0,0,0,0,0,0,0,0,0
