4,7,19,0,5,7,1,8,1,0,0,0,0,0,0,9,21,2,0,0,0,3,5,0,0,6
16,8,23,0,14,4,0,15,17,6,3,0,0,2,19,4,4,1,0,2,0,0,1,3,6,2
9,3,90,0,46,0,0,1,57,12,5,0,0,2,0,0,0,1,0,1,0,0,0,3,10,2
9,5,5,0,7,5,2,2,1,7,0,2,0,3,5,3,7,0,0,0,0,3,4,0,2,4
0,6,1,0,4,2,0,0,3,3,0,0,0,2,7,1,12,0,0,0,0,4,3,0,2,4
19,21,23,0,4,236,0,2,21,2,0,0,0,4,0,3,0,3,0,172,0,0,6,0,0,0
0,0,0,0,0,0,0,0,0,0,0,0,5,0,0,0,0,0,0,0,0,0,0,0,0,0
0,0,0,0,0,0,0,0,0,0,1,0,0,0,0,0,0,0,0,0,0,0,0,0,0,0
0,0,0,0,0,0,0,0,0,0,0,0,0,0,0,0,0,0,0,0,0,0,0,0,0,0
0,0,0,0,0,0,0,0,0,0,0,0,0,0,0,0,0,0,0,0,0,0,0,0,0,0
0,0,3,0,0,0,0,0,0,0,0,0,0,0,0,0,0,0,0,0,0,0,0,0,0,0
0,0,0,0,1,0,0,1,0,1,18,0,0,0,0,0,0,0,0,0,0,0,0,3,2,0
0,0,0,0,1,0,0,0,0,0,0,0,0,0,0,0,0,0,0,0,0,0,0,0,0,0
