0,34,4,2,0,7,13,12,19,0,1,0,0,8,0,54,3,0,0,0,1,0,8,0,2,5
13,24,2,13,1,0,20,9,32,25,13,7,19,38,34,25,4,0,0,3,7,13,6,10,9,10
1,3,0,1,2,0,87,3,14,127,53,9,41,5,6,13,1,0,0,0,0,49,0,12,28,0
3,14,2,8,1,1,14,3,1,9,2,3,2,11,6,0,1,2,0,1,1,1,13,0,1,1
0,1,3,3,0,1,1,2,8,0,1,0,7,2,4,0,0,0,0,0,0,0,0,1,0,3
2,13,0,0,0,0,15,13,17,10,192,0,119,48,163,51,0,0,0,85,3,29,13,8,0,0
2,0,1,2,0,0,6,3,3,0,0,0,2,10,1,5,0,0,0,0,0,6,0,2,0,0
0,0,0,0,0,0,0,0,0,0,0,0,0,0,0,1,0,1,0,1,2,0,0,1,2,1
0,0,0,0,0,0,0,0,0,0,0,0,0,0,0,0,0,0,0,0,0,0,0,0,0,0
0,0,0,0,0,0,0,0,0,0,0,0,0,0,0,0,0,0,0,0,0,0,0,0,0,0
0,0,0,0,0,0,0,0,0,0,0,0,0,0,0,0,0,0,0,0,0,0,0,0,0,0
0,0,0,0,0,0,0,3,2,0,16,5,0,0,0,0,0,0,0,0,0,0,0,11,4,0
0,0,0,0,0,0,0,1,2,0,0,0,2,1,1,0,0,0,0,0,0,0,0,0,0,0
