13,42,0,3,0,0,3,2,2,9,3,0,2,0,0,55,0,0,0,0,0,14,22,5,1,2
12,32,1,12,0,4,7,12,12,26,18,19,8,8,6,24,0,3,0,0,7,15,17,13,13,22
32,1,50,54,0,51,3,11,12,31,99,101,11,18,4,28,0,0,0,0,0,18,0,39,36,123
8,10,13,8,0,2,14,6,9,9,13,11,0,0,1,11,3,1,0,0,5,7,9,7,5,6
0,0,0,0,0,0,14,3,5,1,3,4,1,1,1,11,0,0,0,0,1,3,7,5,5,4
2,0,0,0,0,266,24,0,0,0,1,8,151,5,7,21,0,0,0,0,124,7,27,31,0,0
2,0,0,0,0,0,7,1,0,6,1,0,1,0,4,1,0,0,0,0,7,3,5,0,0,1
2,1,1,0,0,0,0,0,0,0,1,0,2,1,0,0,0,0,0,0,0,0,0,0,0,1
0,0,0,0,0,0,0,0,0,0,0,0,0,0,0,0,0,0,0,0,0,0,0,0,0,0
0,0,0,0,0,0,0,0,0,0,0,0,0,0,0,0,0,0,0,0,0,0,0,0,0,0
0,0,0,0,0,0,0,0,0,0,0,0,0,0,0,0,0,0,0,0,0,0,0,0,0,0
0,0,0,0,0,0,0,2,0,0,6,10,0,0,0,0,0,0,0,0,0,0,0,5,7,1
0,0,0,0,0,0,1,0,1,0,0,0,0,1,1,0,0,0,0,0,0,0,0,0,0,0
