2,43,0,0,5,0,0,0,1,0,0,0,0,0,0,21,1,1,0,21,0,1,13,0,5,2
1,37,10,0,1,7,0,7,22,3,10,4,0,3,5,9,6,1,0,18,5,2,13,2,5,13
0,1,80,0,0,141,0,7,67,5,3,4,0,0,0,0,0,1,0,190,24,0,40,0,5,150
0,13,12,0,3,12,0,2,10,0,7,0,0,0,0,2,3,0,0,4,0,2,0,2,1,5
0,11,0,0,21,0,0,2,6,0,0,0,0,1,0,1,0,0,0,4,0,0,0,0,5,0
0,10,48,0,272,0,0,239,0,0,1,0,0,123,0,14,176,0,0,14,55,0,25,0,0,43
0,12,0,0,0,0,4,0,1,0,0,0,0,0,6,5,1,0,0,0,0,0,1,0,0,16
0,0,0,0,0,0,0,0,0,0,0,0,0,0,0,0,0,0,0,0,0,0,0,0,0,0
0,0,0,0,0,0,0,0,0,0,0,0,0,0,0,0,0,0,0,0,0,0,0,0,0,0
0,0,0,0,0,0,0,0,0,0,0,0,0,0,0,0,0,0,0,0,0,0,0,0,0,0
0,0,0,0,0,0,0,0,0,0,0,0,0,0,0,0,0,0,0,0,0,0,0,0,0,0
0,0,0,0,0,0,0,6,1,6,3,4,0,0,0,0,0,0,0,0,0,0,0,0,2,1
0,0,0,0,0,0,0,0,0,0,0,0,0,0,0,0,0,0,0,0,0,0,0,0,0,0
