1,17,71,0,5,0,0,1,15,17,0,0,0,0,0,0,42,47,17,1,0,8,0,3,4,3
7,24,48,2,2,13,7,31,37,32,30,7,0,5,45,2,22,25,11,4,1,16,1,25,34,4
3,23,32,2,3,81,2,151,505,110,157,20,0,0,16,0,0,46,14,2,0,2,2,152,111,6
2,13,33,0,10,6,12,23,2,28,10,16,0,1,5,3,1,4,5,0,0,5,1,36,9,17
0,0,12,0,1,4,3,15,3,17,6,7,0,3,2,0,2,3,0,0,0,1,1,18,0,8
0,152,2,4,0,11,2,234,28,22,83,0,0,430,0,3,18,35,86,3,124,26,0,124,35,0
0,9,8,0,4,2,5,0,0,0,0,0,0,0,8,4,8,0,7,0,0,13,0,0,0,3
0,0,4,0,0,0,1,0,0,0,0,0,0,0,0,0,0,2,0,0,0,0,0,0,0,0
0,0,0,0,0,0,0,0,0,0,0,0,0,0,0,0,0,0,0,0,0,0,0,0,0,0
0,0,0,0,0,0,0,0,0,0,0,0,0,0,0,0,0,0,0,0,0,0,0,0,0,0
0,0,0,0,0,0,0,0,0,0,0,0,0,0,0,0,0,0,0,0,0,0,0,0,0,0
0,0,0,0,0,3,0,3,2,5,0,24,0,0,0,0,0,0,0,0,0,0,0,19,4,6
0,0,0,0,0,0,0,3,0,0,1,1,0,0,0,0,0,0,0,0,0,0,0,0,0,0
