3,0,33,1,0,0,0,7,0,15,0,0,0,0,4,0,45,34,6,0,0,0,7,0,9,3
13,4,21,6,0,0,4,20,24,10,5,13,4,8,6,0,17,18,10,0,4,10,11,33,28,16
2,6,122,0,0,0,0,0,142,7,8,88,0,2,0,0,0,0,1,0,1,1,47,395,109,95
25,5,32,12,0,0,4,9,9,2,0,4,3,0,2,0,7,23,7,0,3,6,13,2,16,11
19,1,5,4,0,0,0,2,10,3,0,1,2,0,2,0,3,2,7,0,3,1,4,0,2,4
97,8,166,14,0,0,0,0,247,0,101,0,0,223,0,0,103,34,0,0,171,87,78,1,0,0
0,0,0,5,0,0,6,9,1,0,0,0,0,3,0,0,4,1,10,0,0,3,2,0,3,0
2,0,0,1,0,0,0,0,4,2,0,1,0,0,0,0,0,0,0,0,0,2,1,0,1,1
0,0,0,0,0,0,0,0,0,0,0,0,0,0,0,0,0,0,0,0,0,0,0,0,0,0
0,2,0,0,0,0,0,0,0,0,0,0,0,0,0,0,0,0,0,0,0,0,0,0,0,0
0,0,0,0,0,0,0,0,0,0,0,0,0,0,0,0,0,0,0,0,0,0,0,0,0,0
0,0,0,0,0,0,0,0,0,5,0,10,0,0,0,0,0,0,1,0,0,0,0,0,2,4
0,0,0,0,0,0,0,0,2,0,0,0,0,0,0,0,0,0,0,0,0,0,0,0,0,0
