15,7,29,0,0,0,0,0,9,11,0,0,0,0,0,0,33,30,0,0,0,0,15,0,6,1
18,15,10,7,8,2,5,1,16,22,11,28,10,3,2,8,18,16,0,2,2,3,22,6,25,6
2,58,0,18,58,2,2,1,43,5,27,50,0,0,0,0,0,0,0,1,0,1,166,27,86,76
7,5,3,5,5,0,3,0,5,1,0,5,0,0,0,0,0,0,0,0,0,0,1,1,8,6
11,3,3,0,0,0,1,0,3,1,0,4,3,1,0,0,0,0,0,0,0,0,2,0,5,3
4,2,0,278,7,7,274,0,0,4,3,8,3,0,0,120,0,126,0,0,3,1,8,6,0,0
3,9,0,0,0,0,0,0,10,1,0,0,0,3,0,0,0,0,0,0,1,3,12,0,0,0
4,0,0,0,0,0,0,0,0,0,0,0,0,0,0,0,0,0,0,0,0,0,0,2,0,0
0,0,0,0,0,0,0,0,0,0,0,0,0,0,0,0,0,0,0,0,0,0,0,0,0,0
0,0,0,0,0,0,0,0,0,0,0,0,0,0,0,0,0,0,0,0,0,0,0,0,0,0
0,0,0,0,0,0,0,0,0,0,0,0,0,0,0,0,0,0,0,0,0,0,0,0,0,0
1,0,0,0,0,0,0,0,0,5,0,8,0,0,0,0,0,0,0,0,0,0,0,19,6,1
0,0,0,0,0,0,1,0,1,0,0,0,2,1,0,0,0,0,0,0,0,0,0,0,0,0
