9,0,18,0,0,0,0,0,2,6,0,2,0,2,0,9,32,28,0,0,0,2,0,0,0,4
12,7,22,0,0,0,5,2,4,15,25,32,0,6,5,13,14,14,0,0,4,22,5,23,5,5
0,5,70,0,0,0,112,0,0,2,332,13,0,0,70,49,0,5,0,0,0,23,0,171,159,2
4,0,17,0,0,0,13,2,2,4,12,6,0,0,0,0,1,7,0,0,0,5,1,3,0,0
0,0,1,0,0,0,0,0,2,3,0,2,0,2,1,2,0,2,0,0,0,0,2,3,0,1
0,0,0,0,0,0,0,0,3,2,1,17,0,0,0,0,3,16,0,0,1,6,110,3,0,0
0,0,0,0,0,0,0,5,0,0,0,6,0,4,5,0,0,0,0,0,5,1,0,0,0,0
0,0,0,0,0,0,0,0,0,0,0,0,0,0,0,0,0,0,0,0,0,1,0,0,0,0
0,0,0,0,0,0,0,0,0,0,0,0,0,0,0,0,0,0,0,0,0,0,0,0,0,0
0,0,0,0,0,0,0,0,0,0,1,0,0,0,0,0,0,0,0,0,0,0,0,0,0,0
0,0,0,0,0,0,0,0,0,0,0,0,0,0,0,0,0,0,0,0,0,0,0,0,0,0
0,0,0,0,0,0,0,0,0,0,0,6,0,0,0,0,0,0,0,0,0,0,0,0,0,1
0,0,0,0,0,0,0,0,0,0,0,0,0,0,0,0,0,0,0,0,0,0,0,0,0,0
