0,0,13,0,0,0,2,0,1,0,0,0,0,0,0,9,28,19,0,0,12,3,0,0,0,0
0,0,6,0,0,0,1,0,5,52,2,3,1,0,1,3,14,7,0,2,5,2,0,8,3,0
0,0,0,0,0,0,0,0,0,54,16,12,0,0,0,0,0,0,0,0,0,0,0,8,16,0
0,0,7,0,0,0,6,0,1,1,0,0,0,0,2,3,2,0,0,0,13,1,1,2,0,0
0,0,1,0,0,0,1,0,5,3,0,0,1,0,5,2,4,0,0,0,15,3,1,1,0,0
0,0,0,0,0,0,13,0,0,3,0,0,0,0,0,2,6,10,0,314,19,4,6,4,0,0
0,0,0,0,0,0,0,0,0,0,0,0,0,0,0,0,4,0,0,0,0,0,0,0,0,0
0,0,0,0,0,0,0,0,0,0,0,0,0,0,0,0,0,0,0,0,1,0,1,0,0,0
0,0,0,0,0,0,0,0,0,0,0,0,0,0,0,0,0,0,0,0,0,0,0,0,0,0
0,0,0,0,0,0,0,0,0,0,0,0,0,0,0,0,0,0,0,0,0,0,0,0,0,0
0,0,0,0,0,0,0,0,0,0,0,0,0,0,0,0,0,0,0,0,0,0,0,0,0,0
0,0,0,0,0,0,0,0,0,0,0,5,0,0,0,0,0,0,0,0,0,0,0,13,1,0
0,0,0,0,0,0,0,0,1,0,0,0,0,0,0,0,0,0,0,0,0,0,0,0,0,0
