6,5,81,7,0,0,5,3,5,33,25,1,0,3,3,16,61,49,0,0,0,17,0,0,2,0
18,6,15,9,4,0,22,26,37,38,18,8,4,7,10,5,11,28,1,5,7,5,18,17,30,4
3,3,4,0,0,0,124,249,25,2,75,14,0,1,0,69,0,19,2,2,3,142,219,177,126,4
3,8,16,4,0,3,25,21,13,27,18,8,1,11,10,13,21,17,9,0,2,11,3,6,23,0
0,5,8,0,0,0,7,16,21,22,17,8,1,3,10,9,17,5,6,0,0,19,3,1,14,0
8,17,2,2,0,0,9,110,70,392,103,17,15,318,0,85,1,36,7,207,4,1,0,52,6,0
0,0,0,0,0,0,6,12,5,0,0,0,1,3,0,0,0,1,1,0,3,0,0,1,1,0
2,0,0,0,0,0,0,1,0,0,0,0,0,1,0,0,1,0,0,0,0,0,0,0,0,0
0,0,0,0,0,0,0,0,0,0,0,0,0,0,0,0,0,0,0,0,0,0,0,0,0,0
0,0,0,0,0,0,0,0,0,0,0,0,0,0,0,0,0,0,0,0,0,0,0,0,0,0
1,0,0,0,0,0,0,0,0,0,0,0,0,0,0,0,0,0,0,0,0,0,0,0,0,0
0,0,0,0,0,0,5,1,1,0,8,9,0,0,0,0,0,0,0,0,0,0,0,16,3,4
0,0,0,0,0,0,1,2,4,0,0,0,0,0,2,0,0,0,0,0,0,0,0,0,0,0
