5,0,62,1,0,0,5,7,6,5,0,0,0,1,4,8,58,30,0,0,0,1,2,2,1,1
6,5,29,7,49,9,8,21,50,18,3,8,0,11,22,13,17,18,2,5,11,9,12,42,23,12
16,0,19,1,22,151,47,3,143,9,14,2,0,1,0,0,0,7,0,0,71,27,1,186,63,16
4,1,19,6,7,15,7,18,22,8,1,1,0,5,15,10,2,10,0,0,3,1,3,8,8,5
1,0,9,6,1,0,9,7,8,3,1,4,0,8,4,1,0,5,0,0,0,1,0,0,5,4
0,10,13,60,0,135,7,156,0,305,0,9,0,106,98,0,4,74,71,0,0,38,10,19,47,50
0,0,2,1,0,0,0,8,0,0,0,0,0,0,3,6,0,0,0,0,5,0,0,10,13,0
0,0,0,0,0,0,1,1,0,0,0,0,0,0,0,0,0,0,0,0,0,2,0,1,2,1
0,0,0,0,0,0,0,0,0,0,0,0,0,0,0,0,0,0,0,0,0,0,0,0,0,0
0,0,0,0,0,0,0,0,0,0,0,0,0,0,0,0,0,0,0,0,0,0,0,0,0,0
1,0,0,0,0,0,0,0,0,0,0,0,0,0,0,0,0,0,0,0,0,0,0,0,3,0
0,0,0,0,5,0,3,8,3,9,1,2,0,0,0,0,0,0,0,0,0,1,0,20,2,6
0,0,0,0,0,0,0,2,2,0,0,1,0,0,8,0,0,0,0,0,0,0,0,0,0,0
