7,3,54,2,0,7,0,3,15,21,6,0,0,0,0,5,39,42,1,0,0,5,4,9,0,3
10,6,15,11,3,0,17,14,20,41,36,35,0,1,9,2,27,18,5,0,10,7,21,19,17,22
11,27,27,0,15,0,49,10,46,15,238,46,0,0,10,1,1,3,0,0,138,56,57,7,84,210
27,8,22,6,1,1,16,21,25,34,13,8,1,7,8,2,14,24,0,0,1,4,10,23,10,5
25,0,11,1,0,1,1,11,7,9,4,6,0,1,4,7,7,14,1,0,1,13,2,5,0,2
30,8,325,0,18,0,4,223,0,37,2,2,0,159,12,0,11,31,75,0,10,171,2,16,0,8
1,0,5,0,0,0,6,0,0,7,2,3,0,0,1,0,5,0,0,0,0,0,0,0,1,0
12,0,0,0,0,0,0,0,1,0,0,0,0,0,0,1,1,2,0,1,0,0,1,2,2,3
0,0,0,0,0,0,0,0,0,0,0,0,0,0,0,0,0,0,0,0,0,0,0,0,0,0
0,0,0,0,0,0,0,0,0,0,0,0,0,0,0,0,0,0,0,0,0,0,0,0,0,0
1,0,0,0,0,0,0,0,0,0,0,0,0,0,0,0,0,0,0,0,0,0,0,0,1,0
0,0,0,0,0,0,2,5,1,7,10,12,0,0,0,0,0,0,0,0,0,0,0,10,1,6
0,0,0,0,0,0,0,0,1,0,0,4,0,0,0,0,1,0,0,0,0,0,0,0,0,0
