0,6,74,5,5,0,10,0,3,5,1,0,0,2,1,36,56,51,0,11,0,5,2,4,32,1
0,17,30,3,3,7,17,4,45,7,32,8,3,11,17,22,17,21,0,27,6,1,2,12,51,2
0,45,0,2,0,55,26,44,65,10,188,24,2,0,0,0,0,3,0,0,0,1,2,59,183,3
0,32,22,4,2,11,10,2,37,16,16,5,0,11,1,17,9,11,4,32,10,6,2,10,44,9
0,3,7,5,2,0,2,0,16,9,4,1,1,17,9,9,2,7,3,5,3,15,3,4,20,1
0,4,0,0,0,0,11,167,13,0,12,1,142,19,6,14,0,74,14,86,0,0,0,0,10,0
0,3,2,0,0,0,3,0,13,0,0,0,6,3,0,3,1,1,0,0,3,0,0,0,3,0
0,2,1,0,0,0,0,0,1,0,0,0,0,0,0,0,0,0,0,1,0,0,0,0,1,0
0,0,0,0,0,0,0,0,0,0,0,0,0,0,0,0,0,0,0,0,0,0,0,0,0,0
0,0,0,0,0,0,0,0,0,0,0,0,0,0,0,0,0,0,0,0,0,0,0,0,0,0
0,0,0,0,0,0,0,0,0,0,0,0,0,0,0,0,0,0,0,0,0,0,0,0,0,0
0,0,0,0,0,0,2,0,2,0,4,18,0,0,0,0,0,0,0,0,0,0,0,0,7,4
0,0,0,0,0,0,0,0,0,0,0,0,0,2,2,0,0,0,0,0,0,0,0,0,0,0
