12,2,76,2,0,0,4,7,2,28,3,0,2,0,7,2,80,56,0,0,0,5,6,6,0,3
13,19,36,1,1,0,6,44,23,31,36,4,3,4,12,0,36,27,0,0,11,9,19,3,15,24
62,8,0,0,0,0,16,308,54,20,32,4,6,23,1,0,60,0,2,0,1,104,273,2,36,212
8,11,32,4,0,0,7,26,17,4,21,1,5,1,4,6,10,4,3,0,0,6,0,8,2,12
0,2,18,2,0,0,3,14,16,4,5,1,10,1,12,1,2,0,3,0,0,3,0,9,1,11
0,13,0,0,3,0,32,2,16,23,155,40,3,5,294,0,11,49,0,0,0,0,6,2,187,0
0,9,6,0,0,0,0,0,0,1,0,0,0,0,0,0,1,0,0,0,0,0,0,0,0,0
0,1,0,0,0,0,0,0,0,0,0,0,0,0,0,0,0,0,0,0,0,0,0,0,0,0
0,0,0,0,0,0,0,0,0,0,0,0,0,0,0,0,0,0,0,0,0,0,0,0,0,0
0,0,0,0,0,0,0,0,0,0,0,0,0,0,0,0,0,0,0,0,0,0,0,0,0,0
0,0,0,0,0,0,0,0,0,0,0,0,0,0,0,0,0,0,0,0,0,0,0,0,0,0
0,0,0,0,0,0,0,5,2,1,16,10,0,0,0,0,0,0,0,0,0,0,0,0,3,9
0,0,0,0,0,0,0,1,1,0,0,0,1,0,0,0,0,0,0,0,0,0,0,0,0,0
