0,0,53,2,0,0,3,0,0,31,1,0,0,2,0,7,54,35,0,0,0,2,0,0,21,3
4,9,38,2,1,0,20,4,27,48,24,12,4,15,18,26,36,25,0,0,0,9,1,21,22,3
0,15,1,0,0,0,0,1,13,66,134,41,1,0,0,1,2,0,0,0,0,1,0,171,26,20
0,2,11,0,4,0,12,0,8,17,3,4,0,5,1,23,20,10,0,0,0,9,2,4,14,11
0,0,0,0,4,0,1,1,4,10,0,0,0,4,4,10,4,0,0,0,0,5,3,0,19,5
0,8,12,8,0,0,14,4,2,10,186,0,0,3,2,13,22,28,0,0,0,0,3,0,3,3
0,0,2,0,0,0,3,0,3,1,0,0,0,3,0,6,1,1,0,0,0,11,0,2,0,0
0,0,0,0,0,0,0,0,0,1,0,0,0,0,0,0,0,0,0,0,0,0,0,0,0,0
0,0,0,0,0,0,0,0,0,0,0,0,0,0,0,0,0,0,0,0,0,0,0,0,0,0
0,0,0,0,0,0,0,0,0,0,0,0,0,0,0,0,0,0,0,0,0,0,0,0,0,0
0,0,0,0,0,0,0,0,0,0,0,0,0,0,0,0,0,0,0,0,0,0,1,1,4,3
0,0,0,0,0,0,0,0,0,4,4,7,0,0,0,0,0,0,0,0,0,0,0,0,2,2
0,0,0,0,0,0,0,0,2,0,0,0,0,0,0,0,0,0,0,0,0,0,0,0,0,0
