6,18,31,0,0,0,1,0,20,25,2,2,0,0,0,0,33,24,0,0,0,0,0,0,5,0
3,7,28,0,0,0,6,6,19,38,16,7,1,5,1,0,27,30,0,1,19,6,0,1,34,5
3,1,13,1,0,0,67,0,85,79,6,4,0,7,0,0,3,0,0,0,151,0,0,1,148,88
1,4,23,1,0,0,11,2,22,10,3,10,1,3,4,0,9,5,0,3,2,0,0,0,12,0
0,0,6,1,0,0,9,1,14,7,5,9,2,4,3,0,5,4,0,0,2,0,0,0,4,0
0,2,15,0,0,0,0,2,10,3,1,8,0,215,0,0,41,36,0,55,51,0,0,0,19,0
3,0,6,0,0,0,0,0,3,1,0,3,0,0,0,0,1,0,0,0,9,0,0,0,6,0
0,0,1,0,0,0,0,1,0,0,0,0,0,0,0,0,0,0,0,0,0,1,0,0,5,0
0,0,0,0,0,0,0,0,0,0,0,0,0,0,0,0,0,0,0,0,0,0,0,0,0,0
0,0,0,0,0,0,0,0,0,0,0,0,0,0,0,0,0,0,0,0,0,0,0,0,0,0
0,0,0,0,0,0,0,0,0,0,0,0,0,0,0,0,0,0,0,0,0,0,0,0,0,0
0,0,0,0,0,0,0,0,1,13,0,6,0,0,0,0,0,0,0,0,0,0,0,0,2,5
0,0,0,0,0,0,0,0,1,0,0,0,0,0,1,0,0,0,0,0,0,0,0,0,0,0
