14,17,49,3,10,0,0,0,0,19,16,0,0,27,0,7,57,54,12,4,0,5,7,2,5,1
12,25,32,6,10,0,13,3,15,29,24,6,4,14,2,23,29,19,16,0,2,7,14,26,27,24
3,28,14,7,10,0,45,0,20,142,203,87,0,1,0,8,0,3,8,0,3,1,0,248,164,335
11,21,17,17,19,0,11,14,11,16,29,7,1,19,8,16,21,13,8,0,4,3,11,28,22,18
11,11,14,13,14,0,3,5,15,9,17,2,2,14,2,3,7,7,2,0,0,2,6,7,7,10
2,46,14,17,197,0,17,0,15,0,3,130,0,5,0,6,3,46,7,0,0,0,0,12,190,717
8,3,2,0,0,0,4,4,2,1,1,0,2,0,0,11,8,1,0,0,0,15,1,12,1,0
3,2,1,0,0,0,0,0,0,0,0,0,0,1,0,1,1,0,0,0,0,0,1,1,1,2
0,0,0,0,0,0,0,0,0,0,0,0,0,0,0,0,0,0,0,0,0,0,0,0,0,0
0,0,0,0,0,0,0,0,0,0,0,0,0,0,0,0,0,0,0,0,0,0,0,0,0,0
0,0,0,0,0,0,0,0,0,0,0,0,0,0,0,0,0,0,0,0,0,0,0,0,0,0
3,1,0,0,1,0,0,0,0,0,7,1,0,0,0,0,0,0,0,0,0,0,0,27,7,4
0,0,0,0,1,0,1,1,4,2,0,0,0,2,1,0,0,0,0,0,0,0,0,0,0,0
