0,0,4,0,16,0,12,4,0,0,4,2,0,0,7,0,0,0,11,0,8,11,0,6,22,15
0,0,26,1,16,0,33,25,10,11,33,18,3,3,14,0,0,0,13,1,8,18,7,12,27,18
0,0,2,0,1,0,46,15,3,22,353,129,0,0,0,0,0,0,0,0,6,26,8,159,182,43
0,0,1,0,8,0,9,12,5,7,5,6,0,1,6,0,0,2,9,0,0,4,3,1,5,5
0,0,0,0,3,0,4,3,4,3,1,3,3,2,7,0,0,2,1,0,0,5,0,4,4,5
0,0,8,2,15,0,16,26,0,0,3,1,0,7,6,0,0,0,26,8,21,0,0,2,1,12
0,0,0,0,0,0,6,3,2,1,0,3,0,0,0,0,0,0,0,0,0,0,0,2,0,2
0,0,0,0,0,0,0,0,0,0,0,0,0,0,0,0,0,0,0,0,0,0,0,0,0,0
0,0,0,0,0,0,0,0,0,0,0,0,0,0,0,0,0,0,0,0,0,0,0,0,0,0
0,0,0,0,0,0,0,0,0,0,0,0,0,0,0,0,0,0,0,0,0,0,0,0,0,0
0,0,0,0,0,0,0,0,0,0,0,0,0,0,0,0,0,0,0,0,0,0,0,0,0,0
0,0,0,0,0,0,0,0,0,8,4,0,0,0,0,0,0,0,0,0,0,0,0,0,6,1
0,0,0,0,0,0,0,0,0,0,0,0,0,0,0,0,0,0,0,0,0,0,0,0,0,0
