8,8,0,0,33,6,1,9,22,3,4,8,1,0,0,0,0,0,62,0,3,4,0,0,6,24
8,27,2,0,18,2,9,59,10,9,15,4,7,1,0,0,0,0,32,0,31,18,5,2,6,13
5,89,1,0,7,0,20,486,0,1,242,1,0,0,0,0,0,0,2,0,259,341,49,12,5,11
10,8,0,0,4,4,12,34,9,7,16,5,5,4,0,0,2,0,6,4,0,2,1,1,0,1
4,0,0,0,0,9,8,7,6,4,6,1,0,2,0,0,0,0,2,3,1,0,1,1,0,1
4,18,70,0,173,247,201,44,118,15,0,0,1,0,0,0,0,0,3,0,175,23,1,0,1,15
3,3,0,0,2,0,1,2,1,0,0,0,4,0,0,0,0,0,0,0,6,1,0,0,0,1
5,2,0,0,0,0,0,0,2,0,1,0,0,0,0,0,0,0,0,0,1,0,0,0,1,0
0,0,0,0,0,0,0,0,0,0,0,0,0,0,0,0,0,0,0,0,0,0,0,0,0,0
0,0,0,0,0,0,0,0,0,0,0,0,0,0,0,0,0,0,0,0,0,0,0,0,0,0
0,0,0,0,0,0,0,0,0,0,0,0,0,0,0,0,0,0,0,0,0,0,0,0,0,0
0,1,0,0,0,0,0,1,1,1,10,0,0,0,0,0,0,0,0,0,0,0,0,3,7,0
0,0,0,0,0,0,0,1,0,0,0,0,0,0,0,0,0,0,0,0,0,0,0,0,0,0
