0,0,0,0,38,0,0,0,0,0,0,2,3,0,8,0,0,0,50,29,0,1,0,0,3,7
0,0,0,0,15,5,13,16,2,3,7,11,11,0,3,0,10,0,16,8,14,4,0,8,13,6
0,0,0,0,0,67,124,5,0,38,8,213,0,0,0,0,124,0,0,0,123,2,0,6,156,46
0,0,2,0,2,5,9,12,1,16,2,3,6,2,6,0,6,1,0,4,1,5,0,9,3,6
0,0,0,0,3,0,8,10,3,11,2,1,4,2,10,0,5,3,0,3,0,3,0,1,3,2
0,0,0,0,0,2,76,16,0,125,0,0,0,0,0,0,2,0,12,0,0,0,0,402,54,7
0,0,0,0,0,0,0,0,0,0,1,0,1,0,0,0,7,0,4,0,0,3,0,2,1,0
0,0,0,0,0,0,0,0,0,0,0,0,0,0,0,0,0,0,0,0,0,0,0,0,0,0
0,0,0,0,0,0,0,0,0,0,0,0,0,0,0,0,0,0,0,0,0,0,0,0,0,0
0,0,0,0,0,0,0,0,0,0,0,0,0,0,0,0,0,0,0,0,0,0,0,0,0,0
0,0,0,0,0,0,0,0,0,0,0,0,0,0,0,0,0,0,0,0,0,0,0,0,0,0
0,0,0,0,0,0,0,1,0,3,9,0,0,0,0,0,0,0,0,0,0,0,0,21,3,1
0,0,0,0,0,0,0,0,0,0,0,0,0,0,0,0,0,0,0,0,0,0,0,0,0,0
