6,0,1,32,30,0,0,2,0,2,1,11,0,0,1,0,0,0,12,0,21,1,2,3,0,17
1,1,2,10,32,17,16,32,11,2,3,13,7,3,0,2,5,0,4,0,9,14,5,3,6,5
0,0,2,2,0,64,3,299,132,16,5,1,3,33,0,1,35,1,0,0,12,58,57,16,50,2
1,0,14,14,16,15,7,11,4,0,1,12,7,2,2,0,0,0,1,0,1,11,5,0,3,4
3,0,0,7,2,4,0,12,2,0,2,4,8,4,3,0,0,0,1,0,2,7,2,0,0,1
0,0,0,3,0,31,4,10,0,0,0,8,8,3,0,6,134,0,0,0,3,0,0,0,0,8
0,0,1,0,6,0,4,0,0,0,0,0,1,0,0,0,0,0,1,0,0,3,0,0,0,0
0,0,0,0,0,0,0,0,0,0,0,0,0,0,0,0,0,0,0,0,0,0,0,0,0,0
0,0,0,0,0,0,0,0,0,0,0,0,0,0,0,0,0,0,0,0,0,0,0,0,0,0
0,0,0,0,0,0,0,0,0,0,0,0,0,0,0,0,0,0,0,0,0,0,0,0,0,0
0,0,0,0,0,0,0,0,0,0,0,0,0,0,0,0,0,0,0,0,0,0,0,0,0,0
0,0,0,0,0,0,0,0,0,0,5,1,0,0,0,0,0,0,0,0,0,0,0,0,1,2
0,0,0,0,0,2,0,0,0,2,0,0,2,0,0,0,0,0,0,0,0,0,0,0,0,0
