1,0,0,0,46,0,0,0,1,2,0,18,0,0,5,0,30,10,48,7,4,5,17,5,0,28
4,0,13,2,43,0,12,18,17,17,3,13,0,10,4,0,22,2,30,9,6,12,28,10,8,17
0,0,1,0,9,0,62,134,92,128,3,48,0,2,0,0,1,0,0,0,304,15,2,6,25,20
2,0,6,0,16,3,28,11,18,7,0,23,5,9,18,0,9,11,16,5,12,11,16,15,5,4
0,0,3,0,0,0,9,4,13,5,1,10,2,8,14,0,5,10,3,5,6,5,4,6,2,1
0,0,178,0,3,0,136,0,85,18,0,0,0,57,3,0,88,0,4,9,0,6,104,0,0,11
0,0,0,0,5,0,7,4,0,0,0,1,1,3,2,0,6,0,0,4,0,0,10,2,0,0
0,0,0,0,0,0,1,0,0,0,0,0,0,0,0,0,0,0,0,0,0,0,0,0,0,0
0,0,0,0,0,0,0,0,0,0,0,0,0,0,0,0,0,0,0,0,0,0,0,0,0,0
0,0,0,0,0,0,0,0,0,0,0,0,0,0,0,0,0,0,0,0,0,0,0,0,0,0
0,0,0,0,0,0,0,0,0,0,0,0,0,0,0,0,0,0,0,0,0,0,0,0,0,0
0,0,0,0,0,0,0,0,4,0,9,12,0,0,0,0,0,0,0,0,0,0,0,11,6,5
0,0,0,0,0,0,0,1,3,0,0,0,0,1,0,0,0,0,0,0,0,0,0,0,0,0
