7,0,6,0,73,23,1,26,11,0,5,35,25,5,5,9,22,12,70,0,6,2,9,2,2,65
5,3,8,9,31,26,4,33,23,25,48,45,22,7,28,30,20,14,20,0,2,22,19,10,5,32
1,0,4,12,67,28,21,94,518,160,138,8,647,2,0,101,0,12,1,0,0,143,457,171,3,109
2,1,9,10,50,23,7,16,9,4,17,28,15,4,15,24,30,18,6,1,4,18,21,10,19,15
0,0,0,3,18,1,3,11,10,5,8,6,1,7,14,6,23,10,2,3,6,5,7,18,14,6
2,0,14,30,7,12,127,10,0,18,455,45,11,302,8,3,1,0,0,0,4,4,96,2,0,30
0,0,0,0,3,6,5,0,1,0,1,3,4,1,2,11,4,1,1,0,0,3,0,0,0,0
0,0,0,2,2,1,1,2,0,0,1,1,0,1,0,0,0,1,0,0,0,0,2,2,1,2
0,0,0,0,0,0,0,0,0,0,0,0,0,0,0,0,0,0,0,0,0,0,0,0,0,0
0,0,0,0,0,0,0,0,0,0,0,0,0,0,0,0,0,0,0,0,0,0,0,0,0,0
0,0,0,0,0,0,0,0,0,0,0,0,0,0,0,0,0,0,0,0,0,0,0,0,0,0
0,0,0,0,0,0,3,4,2,1,13,5,0,0,0,0,0,0,0,0,0,0,0,0,4,10
0,0,0,0,2,0,0,3,2,2,0,2,0,0,0,0,0,0,0,0,0,0,0,0,0,0
