0,0,1,0,48,0,16,7,0,2,6,0,0,0,0,0,3,4,25,0,0,0,2,4,1,28
0,3,1,0,50,7,35,26,14,10,39,5,0,8,1,2,3,6,11,0,3,17,10,6,7,25
0,0,1,0,0,0,31,97,0,7,712,29,0,0,0,0,0,0,0,0,0,95,6,4,71,28
3,0,14,0,10,1,28,16,1,10,33,3,6,1,0,0,2,0,2,0,0,3,5,10,15,10
2,0,2,0,4,0,16,4,8,9,17,0,0,6,0,0,1,0,0,0,0,3,4,2,10,1
0,0,0,0,2,0,4,1,0,0,7,0,0,7,5,8,0,0,2,0,3,0,3,0,0,21
0,0,0,0,3,0,1,0,9,0,0,0,0,0,0,0,0,0,0,0,0,1,0,0,0,3
0,0,0,0,0,0,1,1,0,0,1,0,0,0,0,0,0,0,0,0,0,0,0,1,0,0
0,0,0,0,0,0,0,0,0,0,0,0,0,0,0,0,0,0,0,0,0,0,0,0,0,0
0,0,0,0,0,0,0,0,0,0,0,0,0,0,0,0,0,0,0,0,0,0,0,0,0,0
0,0,0,0,0,0,0,0,0,0,0,0,0,0,0,0,0,0,0,0,0,0,0,0,0,0
0,0,0,0,0,0,0,2,0,3,3,3,0,0,0,0,0,0,0,0,0,0,0,1,2,2
0,0,0,0,0,0,0,0,1,1,0,0,0,1,0,0,0,0,0,0,0,0,0,0,0,0
