0,1,0,0,31,0,0,15,0,3,10,0,0,0,11,0,0,6,25,0,8,2,0,7,6,24
2,4,0,10,27,0,0,69,3,9,22,20,2,2,9,0,4,9,12,0,15,14,4,5,27,17
31,3,0,1,0,0,0,115,3,0,172,10,0,0,4,0,1,0,5,0,91,112,15,1,95,0
1,0,0,0,6,0,0,16,0,0,2,2,0,6,5,0,0,14,0,0,6,6,2,6,6,3
1,0,0,0,0,0,0,1,1,7,7,0,1,10,1,0,1,5,0,0,3,1,0,4,3,2
0,3,0,1,0,0,0,76,0,0,4,0,5,4,6,0,211,11,0,0,0,20,31,12,291,263
0,0,0,8,1,0,0,9,0,0,0,0,0,0,0,0,0,2,1,0,0,0,0,2,0,5
1,0,0,0,0,0,0,0,0,0,0,0,0,0,0,0,0,0,0,0,3,0,0,0,3,1
0,0,0,0,0,0,0,0,0,0,0,0,0,0,0,0,0,0,0,0,0,0,0,0,0,0
0,0,0,0,0,0,0,0,0,0,0,0,0,0,0,0,0,0,0,0,0,0,0,0,0,0
0,0,0,0,0,0,0,0,0,0,0,0,0,0,0,0,0,0,0,0,0,0,0,0,0,0
0,0,0,0,0,0,0,1,0,0,12,1,0,0,0,0,0,0,0,0,0,0,0,0,8,0
0,0,0,0,0,0,0,3,0,1,0,0,0,0,0,0,0,0,0,0,0,0,0,0,0,0
