0,8,0,1,62,0,3,13,8,0,0,29,1,0,1,0,0,0,33,5,0,1,4,0,11,35
2,17,6,7,44,0,45,29,17,9,5,17,8,3,23,0,2,0,12,12,10,39,4,3,12,29
12,0,0,4,2,0,287,524,291,6,6,2,0,3,0,0,1,0,2,28,114,168,0,2,2071,141
0,20,0,6,16,0,35,24,3,2,1,3,1,0,2,1,3,0,6,0,1,3,1,3,7,10
0,9,0,5,1,0,15,11,2,2,2,0,1,0,4,0,1,0,5,0,0,2,1,0,1,3
1,19,0,9,4,0,230,4,9,0,1,6,22,75,88,0,0,0,2,0,0,64,0,27,0,18
0,0,0,0,5,0,0,0,0,0,0,0,0,0,5,0,0,0,0,0,4,0,0,0,0,0
0,3,0,1,1,0,0,1,1,0,0,0,0,0,1,0,0,0,0,3,0,0,1,0,0,0
0,0,0,0,0,0,0,0,0,0,0,0,0,0,0,0,0,0,0,0,0,0,0,0,0,0
0,0,0,0,0,0,0,0,0,0,0,0,0,0,0,0,0,0,0,0,0,0,0,0,0,0
0,0,0,0,0,0,0,0,0,0,0,0,0,0,0,0,0,0,0,0,0,0,0,0,0,0
0,0,0,0,0,0,6,0,1,10,9,1,0,0,0,0,0,0,3,0,0,0,0,6,5,0
0,0,0,0,0,0,2,3,0,0,0,0,0,0,1,0,0,0,0,0,0,0,0,0,0,0
