16,0,0,0,65,0,1,8,0,5,11,35,0,0,0,3,4,8,56,8,9,9,4,0,2,36
9,0,3,4,48,0,25,89,26,41,89,129,3,26,21,1,4,12,24,4,9,27,0,8,7,42
0,0,3,0,8,0,415,132,353,156,512,127,0,73,1020,0,0,0,0,0,17,36,1,1265,26,85
3,0,5,13,13,0,65,47,17,25,36,16,5,7,9,3,10,15,8,1,6,10,1,0,12,16
0,0,3,6,2,0,22,14,12,2,8,4,4,7,6,6,3,14,6,0,5,0,6,0,7,8
0,0,6,0,3,0,77,19,1,12,138,28,18,6,0,0,4,0,5,10,11,0,0,0,5,193
0,0,0,0,5,0,3,1,0,5,0,0,0,0,0,0,6,0,0,0,0,0,0,2,0,0
0,0,0,2,1,0,0,0,0,0,0,1,0,0,0,0,1,0,0,0,0,0,0,0,0,1
0,0,0,0,0,0,0,0,0,0,0,0,0,0,0,0,0,0,0,0,0,0,0,0,0,0
0,0,0,0,0,0,0,0,0,0,0,0,0,0,0,0,0,0,0,0,0,0,0,0,0,0
0,0,0,0,0,0,0,0,0,0,0,0,0,0,0,0,0,0,9,1,0,2,0,1,5,0
0,0,0,0,0,0,1,1,1,10,24,10,0,0,0,0,0,0,0,0,0,0,0,0,6,5
0,0,0,0,0,0,2,2,4,0,0,0,1,0,0,0,0,0,0,0,0,0,0,0,0,0
