0,3,0,0,22,0,0,2,0,0,6,0,0,0,0,0,3,0,24,21,2,0,0,0,4,8
0,13,0,0,15,1,8,2,17,10,13,3,0,16,0,1,3,1,10,10,2,2,0,1,5,8
0,2,0,0,0,0,132,0,5,3,39,1,0,0,0,0,0,1,0,0,95,0,0,0,4,12
0,2,4,0,0,0,12,1,2,0,7,4,0,1,0,0,1,3,2,6,4,0,1,0,1,10
0,0,0,0,0,0,0,1,5,1,2,1,0,4,0,1,2,0,3,4,7,1,0,0,2,0
0,10,0,0,0,4,0,0,0,0,0,0,0,0,0,0,0,0,0,0,0,0,0,0,0,7
0,0,0,0,0,0,0,0,0,0,0,0,0,0,0,0,0,0,0,3,0,0,0,2,0,0
0,0,0,0,0,0,0,1,0,0,0,0,0,0,0,0,0,0,0,0,0,0,0,0,0,0
0,0,0,0,0,0,0,0,0,0,0,0,0,0,0,0,0,0,0,0,0,0,0,0,0,0
0,0,0,0,0,0,0,0,0,0,0,0,0,0,0,0,0,0,0,0,0,0,0,0,0,0
0,0,0,0,0,0,0,0,0,0,0,0,0,0,0,0,0,0,0,0,0,0,0,0,0,0
0,0,0,0,0,0,0,0,3,5,4,3,0,0,0,0,0,1,0,0,0,0,0,0,3,1
0,0,0,0,0,0,0,0,2,0,0,0,0,1,0,0,0,0,0,0,0,0,0,0,0,0
