0,2,0,0,30,8,0,1,0,0,1,9,5,21,0,2,0,0,55,0,23,4,3,2,5,43
0,8,3,0,25,10,7,10,3,6,18,40,8,11,0,1,0,0,17,7,14,18,3,1,30,13
0,1,2,0,0,72,94,11,0,32,21,86,0,0,0,0,0,1,2,1,10,125,0,4,496,51
0,5,1,0,13,9,9,11,3,4,15,16,2,12,2,8,1,3,14,3,23,20,1,7,4,12
0,3,0,0,5,9,0,2,3,5,3,5,5,20,3,3,0,2,9,5,11,9,3,7,3,12
0,0,0,0,0,16,8,146,0,25,4,0,185,194,43,0,0,1,2,8,12,87,8,296,3,14
0,3,0,0,1,0,0,0,0,0,1,1,0,0,0,2,0,0,2,0,4,0,0,0,7,5
0,1,1,1,0,0,0,0,0,0,0,0,1,0,0,2,0,0,2,0,2,1,0,3,2,0
0,0,0,0,0,0,0,0,0,0,0,0,0,0,0,0,0,0,0,0,0,0,0,0,0,0
0,0,0,0,0,0,0,0,0,0,0,0,0,0,0,0,0,0,0,0,0,0,0,0,0,0
0,0,0,0,0,0,0,0,0,0,0,0,0,0,0,0,0,0,0,0,0,0,0,0,0,0
0,0,0,0,0,0,0,0,0,1,5,4,0,0,0,0,0,2,2,3,0,0,0,11,1,2
0,0,0,0,0,0,0,0,0,0,0,0,0,0,0,0,0,0,0,0,0,0,0,0,0,0
