0,0,0,0,35,0,1,0,0,1,0,15,0,3,1,1,0,0,42,14,24,0,3,2,1,7
8,5,0,0,15,0,20,20,22,39,19,7,5,19,11,2,2,1,59,7,17,20,11,3,37,28
0,0,0,0,0,0,2,41,53,283,293,4,1,0,0,37,0,0,5,5,5,36,0,2,233,274
1,0,0,0,21,1,1,15,44,17,25,6,14,20,5,2,1,1,13,2,2,9,7,12,22,9
1,2,0,1,5,0,1,1,28,6,6,3,6,14,2,0,0,1,4,0,3,3,5,4,10,1
2,2,0,0,4,0,6,18,3,2,5,0,3,3,5,0,9,0,4,0,123,0,0,0,0,91
0,0,0,0,2,0,0,1,1,0,0,0,0,4,0,2,0,0,4,0,11,4,0,0,1,2
0,0,0,0,1,2,0,0,0,1,1,0,0,2,0,0,0,0,1,0,0,0,0,0,1,1
0,0,0,0,0,0,0,0,0,0,0,0,0,0,0,0,0,0,0,0,0,0,0,0,0,0
0,0,0,0,0,0,0,0,0,0,0,0,0,0,0,0,0,0,0,0,0,0,0,0,0,0
0,0,0,0,0,0,0,0,0,0,0,0,0,0,0,0,0,0,0,0,0,0,0,0,0,0
0,0,0,0,0,0,0,0,0,16,4,0,0,0,0,0,0,0,0,0,0,0,0,16,9,0
0,0,0,0,0,0,0,1,2,0,0,0,0,2,0,0,0,0,0,0,0,0,0,0,0,0
