0,0,3,0,32,0,0,4,0,0,1,0,0,0,2,0,0,0,55,0,0,6,0,0,0,17
0,1,5,0,15,0,2,53,5,9,6,1,0,18,13,1,3,0,30,2,3,12,4,22,7,22
0,1,5,0,0,0,5,189,1,60,18,2,0,3,0,0,0,0,0,0,66,241,90,102,21,32
0,0,2,0,9,4,0,20,0,1,0,0,0,11,4,0,0,0,8,0,0,3,0,3,3,9
0,0,0,0,0,0,0,0,3,2,0,0,0,6,3,0,0,0,0,0,0,0,0,0,0,4
0,0,0,0,0,0,0,0,0,0,3,0,0,13,0,4,23,1,49,341,0,0,0,0,0,13
0,0,0,0,0,0,0,13,0,0,0,0,0,3,0,0,0,0,3,0,0,0,0,0,0,4
0,1,0,0,0,0,0,0,0,0,0,0,0,0,0,0,0,0,0,0,0,0,0,0,0,0
0,0,0,0,0,0,0,0,0,0,0,0,0,0,0,0,0,0,0,0,0,0,0,0,0,0
0,0,0,0,0,0,0,0,0,0,0,0,0,0,0,0,0,0,0,0,0,0,0,0,0,0
0,0,0,0,0,0,0,0,0,0,0,0,0,0,0,0,0,0,0,0,0,0,0,0,0,0
0,0,0,0,0,0,0,0,0,8,3,0,0,0,0,0,0,0,0,0,0,0,0,4,5,0
0,0,0,0,0,0,0,2,2,0,0,0,0,3,1,0,0,0,0,0,0,0,0,0,0,0
